1.000000 0.000000 0.000000 0.000000 0.000000 1.000000 0.000000 0.000000 0.000000 0.000000 1.000000 0.000000 0.000000 0.000000 0.000000 1.000000 
0.999817 -0.019137 0.000000 -0.000421 0.019137 0.999817 0.000000 0.044015 0.000000 0.000000 1.000000 -0.002357 0.000000 0.000000 0.000000 1.000000 
0.999266 -0.038307 0.000000 -0.001688 0.038307 0.999266 0.000000 0.088106 0.000000 0.000000 1.000000 -0.002742 0.000000 0.000000 0.000000 1.000000 
0.998354 -0.057352 0.000000 -0.003786 0.057352 0.998354 0.000000 0.131911 0.000000 0.000000 1.000000 -0.002772 0.000000 0.000000 0.000000 1.000000 
0.997088 -0.076258 0.000000 -0.006697 0.076258 0.997088 0.000000 0.175393 0.000000 0.000000 1.000000 -0.002773 0.000000 0.000000 0.000000 1.000000 
0.995476 -0.095008 0.000000 -0.010404 0.095008 0.995476 0.000000 0.218519 0.000000 0.000000 1.000000 -0.002763 0.000000 0.000000 0.000000 1.000000 
0.993528 -0.113588 0.000000 -0.014886 0.113588 0.993528 0.000000 0.261252 0.000000 0.000000 1.000000 -0.002602 0.000000 0.000000 0.000000 1.000000 
0.991261 -0.131915 0.000000 -0.020100 0.131915 0.991261 0.000000 0.303405 0.000000 0.000000 1.000000 -0.001304 0.000000 0.000000 0.000000 1.000000 
0.988764 -0.149483 0.000000 -0.025842 0.149483 0.988764 0.000000 0.343811 0.000000 0.000000 1.000000 0.004140 0.000000 0.000000 0.000000 1.000000 
0.986294 -0.164999 0.000000 -0.031524 0.164999 0.986294 0.000000 0.379497 0.000000 0.000000 1.000000 0.017487 0.000000 0.000000 0.000000 1.000000 
0.984228 -0.176905 0.000000 -0.036276 0.176905 0.984228 0.000000 0.406882 0.000000 0.000000 1.000000 0.039862 0.000000 0.000000 0.000000 1.000000 
0.982881 -0.184239 0.000000 -0.039373 0.184239 0.982881 0.000000 0.423750 0.000000 0.000000 1.000000 0.069432 0.000000 0.000000 0.000000 1.000000 
0.982284 -0.187400 0.000000 -0.040748 0.187400 0.982284 0.000000 0.431020 0.000000 0.000000 1.000000 0.103062 0.000000 0.000000 0.000000 1.000000 
0.982130 -0.188205 0.000000 -0.041102 0.188205 0.982130 0.000000 0.432872 0.000000 0.000000 1.000000 0.138014 0.000000 0.000000 0.000000 1.000000 
0.982110 -0.188310 0.000000 -0.041148 0.188310 0.982110 0.000000 0.433113 0.000000 0.000000 1.000000 0.173130 0.000000 0.000000 0.000000 1.000000 
0.982108 -0.188316 0.000000 -0.041151 0.188316 0.982108 0.000000 0.433128 0.000000 0.000000 1.000000 0.208240 0.000000 0.000000 0.000000 1.000000 
0.982108 -0.188316 0.000000 -0.041151 0.188316 0.982108 0.000000 0.433128 0.000000 0.000000 1.000000 0.243349 0.000000 0.000000 0.000000 1.000000 
0.982108 -0.188316 0.000000 -0.041151 0.188316 0.982108 0.000000 0.433128 0.000000 0.000000 1.000000 0.278457 0.000000 0.000000 0.000000 1.000000 
0.982108 -0.188316 0.000000 -0.041151 0.188316 0.982108 0.000000 0.433128 0.000000 0.000000 1.000000 0.313565 0.000000 0.000000 0.000000 1.000000 
0.982108 -0.188316 0.000000 -0.041151 0.188316 0.982108 0.000000 0.433128 0.000000 0.000000 1.000000 0.348673 0.000000 0.000000 0.000000 1.000000 
0.982108 -0.188316 0.000000 -0.041151 0.188316 0.982108 0.000000 0.433128 0.000000 0.000000 1.000000 0.383781 0.000000 0.000000 0.000000 1.000000 
0.982108 -0.188316 0.000000 -0.041151 0.188316 0.982108 0.000000 0.433128 0.000000 0.000000 1.000000 0.418889 0.000000 0.000000 0.000000 1.000000 
0.982108 -0.188316 0.000000 -0.041151 0.188316 0.982108 0.000000 0.433128 0.000000 0.000000 1.000000 0.453997 0.000000 0.000000 0.000000 1.000000 
0.982108 -0.188316 0.000000 -0.041151 0.188316 0.982108 0.000000 0.433128 0.000000 0.000000 1.000000 0.489105 0.000000 0.000000 0.000000 1.000000 
0.982108 -0.188316 0.000000 -0.041151 0.188316 0.982108 0.000000 0.433128 0.000000 0.000000 1.000000 0.524213 0.000000 0.000000 0.000000 1.000000 
0.982108 -0.188316 0.000000 -0.041151 0.188316 0.982108 0.000000 0.433128 0.000000 0.000000 1.000000 0.559321 0.000000 0.000000 0.000000 1.000000 
0.982108 -0.188316 0.000000 -0.041151 0.188316 0.982108 0.000000 0.433128 0.000000 0.000000 1.000000 0.594429 0.000000 0.000000 0.000000 1.000000 
0.982108 -0.188316 0.000000 -0.041151 0.188316 0.982108 0.000000 0.433128 0.000000 0.000000 1.000000 0.629537 0.000000 0.000000 0.000000 1.000000 
0.982108 -0.188316 0.000000 -0.041151 0.188316 0.982108 0.000000 0.433128 0.000000 0.000000 1.000000 0.664645 0.000000 0.000000 0.000000 1.000000 
0.982108 -0.188316 0.000000 -0.041151 0.188316 0.982108 0.000000 0.433128 0.000000 0.000000 1.000000 0.699753 0.000000 0.000000 0.000000 1.000000 
0.982108 -0.188316 0.000000 -0.041151 0.188316 0.982108 0.000000 0.433128 0.000000 0.000000 1.000000 0.734861 0.000000 0.000000 0.000000 1.000000 
0.982108 -0.188316 0.000000 -0.041151 0.188316 0.982108 0.000000 0.433128 0.000000 0.000000 1.000000 0.769969 0.000000 0.000000 0.000000 1.000000 
0.982108 -0.188316 0.000000 -0.041151 0.188316 0.982108 0.000000 0.433128 0.000000 0.000000 1.000000 0.805077 0.000000 0.000000 0.000000 1.000000 
0.982108 -0.188316 0.000000 -0.041151 0.188316 0.982108 0.000000 0.433128 0.000000 0.000000 1.000000 0.840185 0.000000 0.000000 0.000000 1.000000 
0.982108 -0.188316 0.000000 -0.041151 0.188316 0.982108 0.000000 0.433128 0.000000 0.000000 1.000000 0.875293 0.000000 0.000000 0.000000 1.000000 
0.982108 -0.188316 0.000000 -0.041151 0.188316 0.982108 0.000000 0.433128 0.000000 0.000000 1.000000 0.910401 0.000000 0.000000 0.000000 1.000000 
0.982108 -0.188316 0.000000 -0.041151 0.188316 0.982108 0.000000 0.433128 0.000000 0.000000 1.000000 0.945509 0.000000 0.000000 0.000000 1.000000 
0.982108 -0.188316 0.000000 -0.041151 0.188316 0.982108 0.000000 0.433128 0.000000 0.000000 1.000000 0.980617 0.000000 0.000000 0.000000 1.000000 
0.982108 -0.188316 0.000000 -0.041151 0.188316 0.982108 0.000000 0.433128 0.000000 0.000000 1.000000 1.015725 0.000000 0.000000 0.000000 1.000000 
0.982108 -0.188316 0.000000 -0.041151 0.188316 0.982108 0.000000 0.433127 0.000000 0.000000 1.000000 1.050833 0.000000 0.000000 0.000000 1.000000 
0.982110 -0.188307 0.000000 -0.041146 0.188307 0.982110 0.000000 0.433105 0.000000 0.000000 1.000000 1.085942 0.000000 0.000000 0.000000 1.000000 
0.982136 -0.188171 0.000000 -0.041087 0.188171 0.982136 0.000000 0.432794 0.000000 0.000000 1.000000 1.121045 0.000000 0.000000 0.000000 1.000000 
0.982316 -0.187228 0.000000 -0.040672 0.187228 0.982316 0.000000 0.430625 0.000000 0.000000 1.000000 1.155898 0.000000 0.000000 0.000000 1.000000 
0.982976 -0.183736 0.000000 -0.039156 0.183736 0.982976 0.000000 0.422594 0.000000 0.000000 1.000000 1.189191 0.000000 0.000000 0.000000 1.000000 
0.984404 -0.175920 0.000000 -0.035870 0.175920 0.984404 0.000000 0.404617 0.000000 0.000000 1.000000 1.218067 0.000000 0.000000 0.000000 1.000000 
0.986540 -0.163521 0.000000 -0.030958 0.163521 0.986540 0.000000 0.376099 0.000000 0.000000 1.000000 1.239388 0.000000 0.000000 0.000000 1.000000 
0.989041 -0.147641 0.000000 -0.025206 0.147641 0.989041 0.000000 0.339575 0.000000 0.000000 1.000000 1.251545 0.000000 0.000000 0.000000 1.000000 
0.991527 -0.129901 0.000000 -0.019488 0.129901 0.991527 0.000000 0.298773 0.000000 0.000000 1.000000 1.256143 0.000000 0.000000 0.000000 1.000000 
0.993762 -0.111523 0.000000 -0.014348 0.111523 0.993762 0.000000 0.256502 0.000000 0.000000 1.000000 1.257120 0.000000 0.000000 0.000000 1.000000 
0.995673 -0.092922 0.000000 -0.009951 0.092922 0.995673 0.000000 0.213721 0.000000 0.000000 1.000000 1.257222 0.000000 0.000000 0.000000 1.000000 
0.997247 -0.074154 0.000000 -0.006332 0.074154 0.997247 0.000000 0.170554 0.000000 0.000000 1.000000 1.257227 0.000000 0.000000 0.000000 1.000000 
0.998474 -0.055232 0.000000 -0.003511 0.055232 0.998474 0.000000 0.127034 0.000000 0.000000 1.000000 1.257226 0.000000 0.000000 0.000000 1.000000 
0.999346 -0.036173 0.000000 -0.001505 0.036173 0.999346 0.000000 0.083199 0.000000 0.000000 1.000000 1.257203 0.000000 0.000000 0.000000 1.000000 
0.999856 -0.016997 0.000000 -0.000332 0.016997 0.999856 0.000000 0.039092 0.000000 0.000000 1.000000 1.256893 0.000000 0.000000 0.000000 1.000000 
0.999998 0.002157 0.000000 -0.000005 -0.002157 0.999998 0.000000 -0.004962 0.000000 0.000000 1.000000 1.254872 0.000000 0.000000 0.000000 1.000000 
0.999788 0.020586 0.000000 -0.000487 -0.020586 0.999788 0.000000 -0.047347 0.000000 0.000000 1.000000 1.247802 0.000000 0.000000 0.000000 1.000000 
0.999321 0.036844 0.000000 -0.001562 -0.036844 0.999321 0.000000 -0.084741 0.000000 0.000000 1.000000 1.232594 0.000000 0.000000 0.000000 1.000000 
0.998779 0.049405 0.000000 -0.002809 -0.049405 0.998779 0.000000 -0.113632 0.000000 0.000000 1.000000 1.208871 0.000000 0.000000 0.000000 1.000000 
0.998357 0.057293 0.000000 -0.003778 -0.057293 0.998357 0.000000 -0.131773 0.000000 0.000000 1.000000 1.177703 0.000000 0.000000 0.000000 1.000000 
0.998152 0.060774 0.000000 -0.004251 -0.060774 0.998152 0.000000 -0.139780 0.000000 0.000000 1.000000 1.140066 0.000000 0.000000 0.000000 1.000000 
0.998099 0.061636 0.000000 -0.004373 -0.061636 0.998099 0.000000 -0.141762 0.000000 0.000000 1.000000 1.098606 0.000000 0.000000 0.000000 1.000000 
0.998096 0.061672 0.000000 -0.004378 -0.061672 0.998096 0.000000 -0.141845 0.000000 0.000000 1.000000 1.058768 0.000000 0.000000 0.000000 1.000000 
0.998103 0.061564 0.000000 -0.004363 -0.061564 0.998103 0.000000 -0.141598 0.000000 0.000000 1.000000 1.025665 0.000000 0.000000 0.000000 1.000000 
0.998117 0.061343 0.000000 -0.004331 -0.061343 0.998117 0.000000 -0.141089 0.000000 0.000000 1.000000 0.999977 0.000000 0.000000 0.000000 1.000000 
0.998144 0.060892 0.000000 -0.004268 -0.060892 0.998144 0.000000 -0.140051 0.000000 0.000000 1.000000 0.975388 0.000000 0.000000 0.000000 1.000000 
0.998184 0.060235 0.000000 -0.004176 -0.060235 0.998184 0.000000 -0.138540 0.000000 0.000000 1.000000 0.944626 0.000000 0.000000 0.000000 1.000000 
0.998218 0.059666 0.000000 -0.004098 -0.059666 0.998218 0.000000 -0.137233 0.000000 0.000000 1.000000 0.907315 0.000000 0.000000 0.000000 1.000000 
0.998215 0.059722 0.000000 -0.004105 -0.059722 0.998215 0.000000 -0.137361 0.000000 0.000000 1.000000 0.867726 0.000000 0.000000 0.000000 1.000000 
0.998114 0.061391 0.000000 -0.004338 -0.061391 0.998114 0.000000 -0.141200 0.000000 0.000000 1.000000 0.829186 0.000000 0.000000 0.000000 1.000000 
0.997828 0.065869 0.000000 -0.004995 -0.065869 0.997828 0.000000 -0.151498 0.000000 0.000000 1.000000 0.791799 0.000000 0.000000 0.000000 1.000000 
0.997384 0.072284 0.000000 -0.006017 -0.072284 0.997384 0.000000 -0.166253 0.000000 0.000000 1.000000 0.755853 0.000000 0.000000 0.000000 1.000000 
0.997077 0.076400 0.000000 -0.006722 -0.076400 0.997077 0.000000 -0.175719 0.000000 0.000000 1.000000 0.724751 0.000000 0.000000 0.000000 1.000000 
0.997258 0.074001 0.000000 -0.006306 -0.074001 0.997258 0.000000 -0.170202 0.000000 0.000000 1.000000 0.703485 0.000000 0.000000 0.000000 1.000000 
0.997867 0.065283 0.000000 -0.004906 -0.065283 0.997867 0.000000 -0.150151 0.000000 0.000000 1.000000 0.696449 0.000000 0.000000 0.000000 1.000000 
0.998546 0.053907 0.000000 -0.003344 -0.053907 0.998546 0.000000 -0.123986 0.000000 0.000000 1.000000 0.704968 0.000000 0.000000 0.000000 1.000000 
0.999069 0.043134 0.000000 -0.002141 -0.043134 0.999069 0.000000 -0.099207 0.000000 0.000000 1.000000 0.727367 0.000000 0.000000 0.000000 1.000000 
0.999383 0.035132 0.000000 -0.001420 -0.035132 0.999383 0.000000 -0.080803 0.000000 0.000000 1.000000 0.760789 0.000000 0.000000 0.000000 1.000000 
0.999509 0.031343 0.000000 -0.001130 -0.031343 0.999509 0.000000 -0.072088 0.000000 0.000000 1.000000 0.800566 0.000000 0.000000 0.000000 1.000000 
0.999493 0.031851 0.000000 -0.001167 -0.031851 0.999493 0.000000 -0.073257 0.000000 0.000000 1.000000 0.839304 0.000000 0.000000 0.000000 1.000000 
0.999368 0.035553 0.000000 -0.001454 -0.035553 0.999368 0.000000 -0.081773 0.000000 0.000000 1.000000 0.871982 0.000000 0.000000 0.000000 1.000000 
0.999129 0.041729 0.000000 -0.002003 -0.041729 0.999129 0.000000 -0.095976 0.000000 0.000000 1.000000 0.899309 0.000000 0.000000 0.000000 1.000000 
0.998724 0.050496 0.000000 -0.002934 -0.050496 0.998724 0.000000 -0.116141 0.000000 0.000000 1.000000 0.922933 0.000000 0.000000 0.000000 1.000000 
0.998060 0.062267 0.000000 -0.004463 -0.062267 0.998060 0.000000 -0.143215 0.000000 0.000000 1.000000 0.943279 0.000000 0.000000 0.000000 1.000000 
0.996993 0.077486 0.000000 -0.006915 -0.077486 0.996993 0.000000 -0.178218 0.000000 0.000000 1.000000 0.960364 0.000000 0.000000 0.000000 1.000000 
0.995324 0.096595 0.000000 -0.010755 -0.096595 0.995324 0.000000 -0.222169 0.000000 0.000000 1.000000 0.974159 0.000000 0.000000 0.000000 1.000000 
0.992777 0.119978 0.000000 -0.016614 -0.119978 0.992777 0.000000 -0.275948 0.000000 0.000000 1.000000 0.984510 0.000000 0.000000 0.000000 1.000000 
0.989115 0.147145 0.000000 -0.025036 -0.147145 0.989115 0.000000 -0.338434 0.000000 0.000000 1.000000 0.990659 0.000000 0.000000 0.000000 1.000000 
0.984599 0.174828 0.000000 -0.035422 -0.174828 0.984599 0.000000 -0.402104 0.000000 0.000000 1.000000 0.990855 0.000000 0.000000 0.000000 1.000000 
0.980153 0.198242 0.000000 -0.045648 -0.198242 0.980153 0.000000 -0.455957 0.000000 0.000000 1.000000 0.983768 0.000000 0.000000 0.000000 1.000000 
0.976514 0.215454 0.000000 -0.054018 -0.215454 0.976514 0.000000 -0.495543 0.000000 0.000000 1.000000 0.970091 0.000000 0.000000 0.000000 1.000000 
0.973787 0.227463 0.000000 -0.060290 -0.227463 0.973787 0.000000 -0.523164 0.000000 0.000000 1.000000 0.951889 0.000000 0.000000 0.000000 1.000000 
0.971687 0.236274 0.000000 -0.065121 -0.236274 0.971687 0.000000 -0.543429 0.000000 0.000000 1.000000 0.931539 0.000000 0.000000 0.000000 1.000000 
0.969605 0.244678 0.000000 -0.069910 -0.244678 0.969605 0.000000 -0.562758 0.000000 0.000000 1.000000 0.911443 0.000000 0.000000 0.000000 1.000000 
0.966754 0.255707 0.000000 -0.076465 -0.255707 0.966754 0.000000 -0.588126 0.000000 0.000000 1.000000 0.893380 0.000000 0.000000 0.000000 1.000000 
0.962898 0.269866 0.000000 -0.085335 -0.269866 0.962898 0.000000 -0.620691 0.000000 0.000000 1.000000 0.876205 0.000000 0.000000 0.000000 1.000000 
0.958554 0.284910 0.000000 -0.095325 -0.284910 0.958554 0.000000 -0.655293 0.000000 0.000000 1.000000 0.858428 0.000000 0.000000 0.000000 1.000000 
0.954109 0.299459 0.000000 -0.105549 -0.299459 0.954109 0.000000 -0.688756 0.000000 0.000000 1.000000 0.844977 0.000000 0.000000 0.000000 1.000000 
0.949106 0.314956 0.000000 -0.117055 -0.314956 0.949106 0.000000 -0.724398 0.000000 0.000000 1.000000 0.840172 0.000000 0.000000 0.000000 1.000000 
0.943089 0.332541 0.000000 -0.130896 -0.332541 0.943089 0.000000 -0.764845 0.000000 0.000000 1.000000 0.838526 0.000000 0.000000 0.000000 1.000000 
0.936316 0.351160 0.000000 -0.146474 -0.351160 0.936316 0.000000 -0.807668 0.000000 0.000000 1.000000 0.834230 0.000000 0.000000 0.000000 1.000000 
0.929389 0.369102 0.000000 -0.162405 -0.369102 0.929389 0.000000 -0.848934 0.000000 0.000000 1.000000 0.827258 0.000000 0.000000 0.000000 1.000000 
0.924166 0.381990 0.000000 -0.174417 -0.381990 0.924166 0.000000 -0.878577 0.000000 0.000000 1.000000 0.818905 0.000000 0.000000 0.000000 1.000000 
0.923248 0.384204 0.000000 -0.176529 -0.384204 0.923248 0.000000 -0.883669 0.000000 0.000000 1.000000 0.807945 0.000000 0.000000 0.000000 1.000000 
0.926231 0.376956 0.000000 -0.169668 -0.376956 0.926231 0.000000 -0.866998 0.000000 0.000000 1.000000 0.788731 0.000000 0.000000 0.000000 1.000000 
0.929384 0.369113 0.000000 -0.162416 -0.369113 0.929384 0.000000 -0.848961 0.000000 0.000000 1.000000 0.759189 0.000000 0.000000 0.000000 1.000000 
0.930199 0.367056 0.000000 -0.160543 -0.367056 0.930199 0.000000 -0.844230 0.000000 0.000000 1.000000 0.727296 0.000000 0.000000 0.000000 1.000000 
0.928551 0.371205 0.000000 -0.164333 -0.371205 0.928551 0.000000 -0.853771 0.000000 0.000000 1.000000 0.699855 0.000000 0.000000 0.000000 1.000000 
0.926476 0.376354 0.000000 -0.169105 -0.376354 0.926476 0.000000 -0.865614 0.000000 0.000000 1.000000 0.677999 0.000000 0.000000 0.000000 1.000000 
0.927446 0.373957 0.000000 -0.166874 -0.373957 0.927446 0.000000 -0.860100 0.000000 0.000000 1.000000 0.665695 0.000000 0.000000 0.000000 1.000000 
0.932605 0.360898 0.000000 -0.155008 -0.360898 0.932605 0.000000 -0.830066 0.000000 0.000000 1.000000 0.661437 0.000000 0.000000 0.000000 1.000000 
0.939648 0.342143 0.000000 -0.138809 -0.342143 0.939648 0.000000 -0.786928 0.000000 0.000000 1.000000 0.659489 0.000000 0.000000 0.000000 1.000000 
0.946108 0.323853 0.000000 -0.123953 -0.323853 0.946108 0.000000 -0.744861 0.000000 0.000000 1.000000 0.660794 0.000000 0.000000 0.000000 1.000000 
0.951521 0.307583 0.000000 -0.111501 -0.307583 0.951521 0.000000 -0.707441 0.000000 0.000000 1.000000 0.668067 0.000000 0.000000 0.000000 1.000000 
0.956189 0.292751 0.000000 -0.100766 -0.292751 0.956189 0.000000 -0.673328 0.000000 0.000000 1.000000 0.676067 0.000000 0.000000 0.000000 1.000000 
0.960656 0.277743 0.000000 -0.090492 -0.277743 0.960656 0.000000 -0.638808 0.000000 0.000000 1.000000 0.677123 0.000000 0.000000 0.000000 1.000000 
0.965532 0.260284 0.000000 -0.079276 -0.260284 0.965532 0.000000 -0.598653 0.000000 0.000000 1.000000 0.672803 0.000000 0.000000 0.000000 1.000000 
0.970653 0.240486 0.000000 -0.067499 -0.240486 0.970653 0.000000 -0.553118 0.000000 0.000000 1.000000 0.669048 0.000000 0.000000 0.000000 1.000000 
0.975441 0.220259 0.000000 -0.056485 -0.220259 0.975441 0.000000 -0.506596 0.000000 0.000000 1.000000 0.669521 0.000000 0.000000 0.000000 1.000000 
0.979481 0.201538 0.000000 -0.047195 -0.201538 0.979481 0.000000 -0.463538 0.000000 0.000000 1.000000 0.676436 0.000000 0.000000 0.000000 1.000000 
0.982613 0.185667 0.000000 -0.039991 -0.185667 0.982613 0.000000 -0.427035 0.000000 0.000000 1.000000 0.687381 0.000000 0.000000 0.000000 1.000000 
0.985397 0.170275 0.000000 -0.033588 -0.170275 0.985397 0.000000 -0.391632 0.000000 0.000000 1.000000 0.697585 0.000000 0.000000 0.000000 1.000000 
0.988458 0.151496 0.000000 -0.026547 -0.151496 0.988458 0.000000 -0.348440 0.000000 0.000000 1.000000 0.705856 0.000000 0.000000 0.000000 1.000000 
0.991598 0.129354 0.000000 -0.019323 -0.129354 0.991598 0.000000 -0.297514 0.000000 0.000000 1.000000 0.711498 0.000000 0.000000 0.000000 1.000000 
0.994066 0.108777 0.000000 -0.013648 -0.108777 0.994066 0.000000 -0.250186 0.000000 0.000000 1.000000 0.713020 0.000000 0.000000 0.000000 1.000000 
0.995079 0.099086 0.000000 -0.011319 -0.099086 0.995079 0.000000 -0.227897 0.000000 0.000000 1.000000 0.711546 0.000000 0.000000 0.000000 1.000000 
0.994335 0.106291 0.000000 -0.013029 -0.106291 0.994335 0.000000 -0.244470 0.000000 0.000000 1.000000 0.708684 0.000000 0.000000 0.000000 1.000000 
0.992113 0.125344 0.000000 -0.018139 -0.125344 0.992113 0.000000 -0.288291 0.000000 0.000000 1.000000 0.702971 0.000000 0.000000 0.000000 1.000000 
0.989145 0.146944 0.000000 -0.024967 -0.146944 0.989145 0.000000 -0.337971 0.000000 0.000000 1.000000 0.693673 0.000000 0.000000 0.000000 1.000000 
0.986300 0.164960 0.000000 -0.031509 -0.164960 0.986300 0.000000 -0.379407 0.000000 0.000000 1.000000 0.683211 0.000000 0.000000 0.000000 1.000000 
0.984196 0.177081 0.000000 -0.036349 -0.177081 0.984196 0.000000 -0.407287 0.000000 0.000000 1.000000 0.672826 0.000000 0.000000 0.000000 1.000000 
0.983288 0.182059 0.000000 -0.038439 -0.182059 0.983288 0.000000 -0.418736 0.000000 0.000000 1.000000 0.662167 0.000000 0.000000 0.000000 1.000000 
0.984246 0.176806 0.000000 -0.036235 -0.176806 0.984246 0.000000 -0.406654 0.000000 0.000000 1.000000 0.656262 0.000000 0.000000 0.000000 1.000000 
0.986765 0.162154 0.000000 -0.030440 -0.162154 0.986765 0.000000 -0.372955 0.000000 0.000000 1.000000 0.659585 0.000000 0.000000 0.000000 1.000000 
0.989780 0.142600 0.000000 -0.023505 -0.142600 0.989780 0.000000 -0.327981 0.000000 0.000000 1.000000 0.668062 0.000000 0.000000 0.000000 1.000000 
0.992673 0.120834 0.000000 -0.016853 -0.120834 0.992673 0.000000 -0.277919 0.000000 0.000000 1.000000 0.674770 0.000000 0.000000 0.000000 1.000000 
0.995154 0.098326 0.000000 -0.011145 -0.098326 0.995154 0.000000 -0.226149 0.000000 0.000000 1.000000 0.674979 0.000000 0.000000 0.000000 1.000000 
0.996895 0.078738 0.000000 -0.007141 -0.078738 0.996895 0.000000 -0.181098 0.000000 0.000000 1.000000 0.668071 0.000000 0.000000 0.000000 1.000000 
0.997778 0.066620 0.000000 -0.005110 -0.066620 0.997778 0.000000 -0.153225 0.000000 0.000000 1.000000 0.653891 0.000000 0.000000 0.000000 1.000000 
0.998076 0.062000 0.000000 -0.004425 -0.062000 0.998076 0.000000 -0.142600 0.000000 0.000000 1.000000 0.629816 0.000000 0.000000 0.000000 1.000000 
0.998140 0.060962 0.000000 -0.004278 -0.060962 0.998140 0.000000 -0.140213 0.000000 0.000000 1.000000 0.597859 0.000000 0.000000 0.000000 1.000000 
0.998146 0.060858 0.000000 -0.004263 -0.060858 0.998146 0.000000 -0.139974 0.000000 0.000000 1.000000 0.563602 0.000000 0.000000 0.000000 1.000000 
0.998104 0.061553 0.000000 -0.004361 -0.061553 0.998104 0.000000 -0.141572 0.000000 0.000000 1.000000 0.529637 0.000000 0.000000 0.000000 1.000000 
0.997972 0.063647 0.000000 -0.004663 -0.063647 0.997972 0.000000 -0.146388 0.000000 0.000000 1.000000 0.494956 0.000000 0.000000 0.000000 1.000000 
0.997804 0.066243 0.000000 -0.005052 -0.066243 0.997804 0.000000 -0.152359 0.000000 0.000000 1.000000 0.459267 0.000000 0.000000 0.000000 1.000000 
0.997761 0.066873 0.000000 -0.005149 -0.066873 0.997761 0.000000 -0.153808 0.000000 0.000000 1.000000 0.428203 0.000000 0.000000 0.000000 1.000000 
0.997970 0.063691 0.000000 -0.004670 -0.063691 0.997970 0.000000 -0.146489 0.000000 0.000000 1.000000 0.415197 0.000000 0.000000 0.000000 1.000000 
0.998293 0.058412 0.000000 -0.003927 -0.058412 0.998293 0.000000 -0.134347 0.000000 0.000000 1.000000 0.427550 0.000000 0.000000 0.000000 1.000000 
0.998464 0.055412 0.000000 -0.003534 -0.055412 0.998464 0.000000 -0.127448 0.000000 0.000000 1.000000 0.455208 0.000000 0.000000 0.000000 1.000000 
0.998322 0.057907 0.000000 -0.003859 -0.057907 0.998322 0.000000 -0.133185 0.000000 0.000000 1.000000 0.487114 0.000000 0.000000 0.000000 1.000000 
0.997681 0.068057 0.000000 -0.005333 -0.068057 0.997681 0.000000 -0.156531 0.000000 0.000000 1.000000 0.516946 0.000000 0.000000 0.000000 1.000000 
0.996320 0.085711 0.000000 -0.008464 -0.085711 0.996320 0.000000 -0.197135 0.000000 0.000000 1.000000 0.539210 0.000000 0.000000 0.000000 1.000000 
0.994203 0.107517 0.000000 -0.013333 -0.107517 0.994203 0.000000 -0.247289 0.000000 0.000000 1.000000 0.550828 0.000000 0.000000 0.000000 1.000000 
0.991511 0.130020 0.000000 -0.019524 -0.130020 0.991511 0.000000 -0.299047 0.000000 0.000000 1.000000 0.552358 0.000000 0.000000 0.000000 1.000000 
0.988507 0.151178 0.000000 -0.026435 -0.151178 0.988507 0.000000 -0.347708 0.000000 0.000000 1.000000 0.546415 0.000000 0.000000 0.000000 1.000000 
0.985516 0.169584 0.000000 -0.033314 -0.169584 0.985516 0.000000 -0.390042 0.000000 0.000000 1.000000 0.536130 0.000000 0.000000 0.000000 1.000000 
0.982864 0.184330 0.000000 -0.039412 -0.184330 0.982864 0.000000 -0.423959 0.000000 0.000000 1.000000 0.524516 0.000000 0.000000 0.000000 1.000000 
0.980510 0.196468 0.000000 -0.044826 -0.196468 0.980510 0.000000 -0.451876 0.000000 0.000000 1.000000 0.513845 0.000000 0.000000 0.000000 1.000000 
0.977670 0.210148 0.000000 -0.051360 -0.210148 0.977670 0.000000 -0.483341 0.000000 0.000000 1.000000 0.505325 0.000000 0.000000 0.000000 1.000000 
0.973685 0.227896 0.000000 -0.060524 -0.227896 0.973685 0.000000 -0.524162 0.000000 0.000000 1.000000 0.499410 0.000000 0.000000 0.000000 1.000000 
0.969192 0.246305 0.000000 -0.070857 -0.246305 0.969192 0.000000 -0.566501 0.000000 0.000000 1.000000 0.494505 0.000000 0.000000 0.000000 1.000000 
0.965129 0.261775 0.000000 -0.080204 -0.261775 0.965129 0.000000 -0.602083 0.000000 0.000000 1.000000 0.485985 0.000000 0.000000 0.000000 1.000000 
0.961541 0.274663 0.000000 -0.088456 -0.274663 0.961541 0.000000 -0.631724 0.000000 0.000000 1.000000 0.469037 0.000000 0.000000 0.000000 1.000000 
0.959073 0.283159 0.000000 -0.094132 -0.283159 0.959073 0.000000 -0.651265 0.000000 0.000000 1.000000 0.446009 0.000000 0.000000 0.000000 1.000000 
0.959191 0.282759 0.000000 -0.093861 -0.282759 0.959191 0.000000 -0.650346 0.000000 0.000000 1.000000 0.431875 0.000000 0.000000 0.000000 1.000000 
0.961083 0.276258 0.000000 -0.089508 -0.276258 0.961083 0.000000 -0.635394 0.000000 0.000000 1.000000 0.441226 0.000000 0.000000 0.000000 1.000000 
0.962331 0.271881 0.000000 -0.086639 -0.271881 0.962331 0.000000 -0.625326 0.000000 0.000000 1.000000 0.467924 0.000000 0.000000 0.000000 1.000000 
0.961717 0.274045 0.000000 -0.088051 -0.274045 0.961717 0.000000 -0.630303 0.000000 0.000000 1.000000 0.496103 0.000000 0.000000 0.000000 1.000000 
0.959006 0.283386 0.000000 -0.094287 -0.283386 0.959006 0.000000 -0.651789 0.000000 0.000000 1.000000 0.519953 0.000000 0.000000 0.000000 1.000000 
0.954880 0.296992 0.000000 -0.103776 -0.296992 0.954880 0.000000 -0.683083 0.000000 0.000000 1.000000 0.540808 0.000000 0.000000 0.000000 1.000000 
0.950617 0.310366 0.000000 -0.113581 -0.310366 0.950617 0.000000 -0.713842 0.000000 0.000000 1.000000 0.560736 0.000000 0.000000 0.000000 1.000000 
0.946680 0.322176 0.000000 -0.122636 -0.322176 0.946680 0.000000 -0.741004 0.000000 0.000000 1.000000 0.579054 0.000000 0.000000 0.000000 1.000000 
0.943450 0.331514 0.000000 -0.130065 -0.331514 0.943450 0.000000 -0.762483 0.000000 0.000000 1.000000 0.585858 0.000000 0.000000 0.000000 1.000000 
0.941724 0.336385 0.000000 -0.134034 -0.336385 0.941724 0.000000 -0.773686 0.000000 0.000000 1.000000 0.571108 0.000000 0.000000 0.000000 1.000000 
0.940337 0.340245 0.000000 -0.137225 -0.340245 0.940337 0.000000 -0.782563 0.000000 0.000000 1.000000 0.541991 0.000000 0.000000 0.000000 1.000000 
0.937565 0.347809 0.000000 -0.143600 -0.347809 0.937565 0.000000 -0.799961 0.000000 0.000000 1.000000 0.511386 0.000000 0.000000 0.000000 1.000000 
0.933610 0.358291 0.000000 -0.152697 -0.358291 0.933610 0.000000 -0.824070 0.000000 0.000000 1.000000 0.486634 0.000000 0.000000 0.000000 1.000000 
0.929041 0.369976 0.000000 -0.163205 -0.369976 0.929041 0.000000 -0.850944 0.000000 0.000000 1.000000 0.470468 0.000000 0.000000 0.000000 1.000000 
0.925505 0.378735 0.000000 -0.171339 -0.378735 0.925505 0.000000 -0.871092 0.000000 0.000000 1.000000 0.459029 0.000000 0.000000 0.000000 1.000000 
0.925992 0.377544 0.000000 -0.170219 -0.377544 0.925992 0.000000 -0.868351 0.000000 0.000000 1.000000 0.446358 0.000000 0.000000 0.000000 1.000000 
0.930558 0.366146 0.000000 -0.159718 -0.366146 0.930558 0.000000 -0.842135 0.000000 0.000000 1.000000 0.428175 0.000000 0.000000 0.000000 1.000000 
0.936288 0.351232 0.000000 -0.146537 -0.351232 0.936288 0.000000 -0.807834 0.000000 0.000000 1.000000 0.406662 0.000000 0.000000 0.000000 1.000000 
0.941824 0.336105 0.000000 -0.133804 -0.336105 0.941824 0.000000 -0.773042 0.000000 0.000000 1.000000 0.388049 0.000000 0.000000 0.000000 1.000000 
0.947352 0.320193 0.000000 -0.121089 -0.320193 0.947352 0.000000 -0.736443 0.000000 0.000000 1.000000 0.374170 0.000000 0.000000 0.000000 1.000000 
0.952700 0.303914 0.000000 -0.108791 -0.303914 0.952700 0.000000 -0.699001 0.000000 0.000000 1.000000 0.361280 0.000000 0.000000 0.000000 1.000000 
0.958039 0.286637 0.000000 -0.096510 -0.286637 0.958039 0.000000 -0.659266 0.000000 0.000000 1.000000 0.346093 0.000000 0.000000 0.000000 1.000000 
0.963754 0.266792 0.000000 -0.083366 -0.266792 0.963754 0.000000 -0.613622 0.000000 0.000000 1.000000 0.329451 0.000000 0.000000 0.000000 1.000000 
0.969396 0.245502 0.000000 -0.070389 -0.245502 0.969396 0.000000 -0.564655 0.000000 0.000000 1.000000 0.313645 0.000000 0.000000 0.000000 1.000000 
0.974088 0.226169 0.000000 -0.059598 -0.226169 0.974088 0.000000 -0.520189 0.000000 0.000000 1.000000 0.300608 0.000000 0.000000 0.000000 1.000000 
0.977309 0.211820 0.000000 -0.052190 -0.211820 0.977309 0.000000 -0.487186 0.000000 0.000000 1.000000 0.291425 0.000000 0.000000 0.000000 1.000000 
0.979532 0.201288 0.000000 -0.047076 -0.201288 0.979532 0.000000 -0.462963 0.000000 0.000000 1.000000 0.284291 0.000000 0.000000 0.000000 1.000000 
0.982286 0.187387 0.000000 -0.040742 -0.187387 0.982286 0.000000 -0.430990 0.000000 0.000000 1.000000 0.273763 0.000000 0.000000 0.000000 1.000000 
0.986356 0.164628 0.000000 -0.031382 -0.164628 0.986356 0.000000 -0.378645 0.000000 0.000000 1.000000 0.257885 0.000000 0.000000 0.000000 1.000000 
0.990526 0.137325 0.000000 -0.021790 -0.137325 0.990526 0.000000 -0.315847 0.000000 0.000000 1.000000 0.243535 0.000000 0.000000 0.000000 1.000000 
0.993527 0.113596 0.000000 -0.014888 -0.113596 0.993527 0.000000 -0.261270 0.000000 0.000000 1.000000 0.237480 0.000000 0.000000 0.000000 1.000000 
0.995349 0.096336 0.000000 -0.010698 -0.096336 0.995349 0.000000 -0.221572 0.000000 0.000000 1.000000 0.240259 0.000000 0.000000 0.000000 1.000000 
0.996455 0.084131 0.000000 -0.008154 -0.084131 0.996455 0.000000 -0.193501 0.000000 0.000000 1.000000 0.249887 0.000000 0.000000 0.000000 1.000000 
0.997180 0.075045 0.000000 -0.006486 -0.075045 0.997180 0.000000 -0.172603 0.000000 0.000000 1.000000 0.265092 0.000000 0.000000 0.000000 1.000000 
0.997672 0.068190 0.000000 -0.005354 -0.068190 0.997672 0.000000 -0.156836 0.000000 0.000000 1.000000 0.286814 0.000000 0.000000 0.000000 1.000000 
0.998007 0.063098 0.000000 -0.004583 -0.063098 0.998007 0.000000 -0.145125 0.000000 0.000000 1.000000 0.316438 0.000000 0.000000 0.000000 1.000000 
0.998285 0.058538 0.000000 -0.003944 -0.058538 0.998285 0.000000 -0.134637 0.000000 0.000000 1.000000 0.352025 0.000000 0.000000 0.000000 1.000000 
0.998613 0.052658 0.000000 -0.003191 -0.052658 0.998613 0.000000 -0.121113 0.000000 0.000000 1.000000 0.388556 0.000000 0.000000 0.000000 1.000000 
0.999050 0.043579 0.000000 -0.002185 -0.043579 0.999050 0.000000 -0.100232 0.000000 0.000000 1.000000 0.420270 0.000000 0.000000 0.000000 1.000000 
0.999543 0.030241 0.000000 -0.001052 -0.030241 0.999543 0.000000 -0.069554 0.000000 0.000000 1.000000 0.442444 0.000000 0.000000 0.000000 1.000000 
0.999906 0.013705 0.000000 -0.000216 -0.013705 0.999906 0.000000 -0.031521 0.000000 0.000000 1.000000 0.453199 0.000000 0.000000 0.000000 1.000000 
0.999993 -0.003659 0.000000 -0.000015 0.003659 0.999993 0.000000 0.008415 0.000000 0.000000 1.000000 0.453805 0.000000 0.000000 0.000000 1.000000 
0.999780 -0.020973 0.000000 -0.000506 0.020973 0.999780 0.000000 0.048238 0.000000 0.000000 1.000000 0.447107 0.000000 0.000000 0.000000 1.000000 
0.999230 -0.039239 0.000000 -0.001771 0.039239 0.999230 0.000000 0.090249 0.000000 0.000000 1.000000 0.436377 0.000000 0.000000 0.000000 1.000000 
0.998199 -0.059981 0.000000 -0.004141 0.059981 0.998199 0.000000 0.137957 0.000000 0.000000 1.000000 0.425354 0.000000 0.000000 0.000000 1.000000 
0.996599 -0.082403 0.000000 -0.007822 0.082403 0.996599 0.000000 0.189528 0.000000 0.000000 1.000000 0.419259 0.000000 0.000000 0.000000 1.000000 
0.994872 -0.101137 0.000000 -0.011793 0.101137 0.994872 0.000000 0.232616 0.000000 0.000000 1.000000 0.423440 0.000000 0.000000 0.000000 1.000000 
0.993740 -0.111714 0.000000 -0.014397 0.111714 0.993740 0.000000 0.256942 0.000000 0.000000 1.000000 0.438863 0.000000 0.000000 0.000000 1.000000 
0.993378 -0.114896 0.000000 -0.015232 0.114896 0.993378 0.000000 0.264260 0.000000 0.000000 1.000000 0.462616 0.000000 0.000000 0.000000 1.000000 
0.993267 -0.115849 0.000000 -0.015486 0.115849 0.993267 0.000000 0.266452 0.000000 0.000000 1.000000 0.488187 0.000000 0.000000 0.000000 1.000000 
0.992627 -0.121207 0.000000 -0.016957 0.121207 0.992627 0.000000 0.278776 0.000000 0.000000 1.000000 0.503481 0.000000 0.000000 0.000000 1.000000 
0.991392 -0.130927 0.000000 -0.019799 0.130927 0.991392 0.000000 0.301133 0.000000 0.000000 1.000000 0.500251 0.000000 0.000000 0.000000 1.000000 
0.990245 -0.139337 0.000000 -0.022436 0.139337 0.990245 0.000000 0.320475 0.000000 0.000000 1.000000 0.480494 0.000000 0.000000 0.000000 1.000000 
0.989831 -0.142252 0.000000 -0.023390 0.142252 0.989831 0.000000 0.327179 0.000000 0.000000 1.000000 0.449619 0.000000 0.000000 0.000000 1.000000 
0.990402 -0.138219 0.000000 -0.022076 0.138219 0.990402 0.000000 0.317903 0.000000 0.000000 1.000000 0.415798 0.000000 0.000000 0.000000 1.000000 
0.991628 -0.129124 0.000000 -0.019255 0.129124 0.991628 0.000000 0.296986 0.000000 0.000000 1.000000 0.389235 0.000000 0.000000 0.000000 1.000000 
0.993071 -0.117515 0.000000 -0.015936 0.117515 0.993071 0.000000 0.270284 0.000000 0.000000 1.000000 0.373915 0.000000 0.000000 0.000000 1.000000 
0.994592 -0.103859 0.000000 -0.012438 0.103859 0.994592 0.000000 0.238875 0.000000 0.000000 1.000000 0.367472 0.000000 0.000000 0.000000 1.000000 
0.996144 -0.087731 0.000000 -0.008868 0.087731 0.996144 0.000000 0.201781 0.000000 0.000000 1.000000 0.367387 0.000000 0.000000 0.000000 1.000000 
0.997636 -0.068714 0.000000 -0.005436 0.068714 0.997636 0.000000 0.158042 0.000000 0.000000 1.000000 0.372050 0.000000 0.000000 0.000000 1.000000 
0.998922 -0.046424 0.000000 -0.002480 0.046424 0.998922 0.000000 0.106776 0.000000 0.000000 1.000000 0.379844 0.000000 0.000000 0.000000 1.000000 
0.999782 -0.020883 0.000000 -0.000502 0.020883 0.999782 0.000000 0.048030 0.000000 0.000000 1.000000 0.387802 0.000000 0.000000 0.000000 1.000000 
0.999983 0.005786 0.000000 -0.000038 -0.005786 0.999983 0.000000 -0.013307 0.000000 0.000000 1.000000 0.389661 0.000000 0.000000 0.000000 1.000000 
0.999585 0.028790 0.000000 -0.000953 -0.028790 0.999585 0.000000 -0.066217 0.000000 0.000000 1.000000 0.378754 0.000000 0.000000 0.000000 1.000000 
0.998998 0.044762 0.000000 -0.002305 -0.044762 0.998998 0.000000 -0.102952 0.000000 0.000000 1.000000 0.355154 0.000000 0.000000 0.000000 1.000000 
0.998543 0.053964 0.000000 -0.003351 -0.053964 0.998543 0.000000 -0.124116 0.000000 0.000000 1.000000 0.325588 0.000000 0.000000 0.000000 1.000000 
0.998299 0.058299 0.000000 -0.003912 -0.058299 0.998299 0.000000 -0.134088 0.000000 0.000000 1.000000 0.297725 0.000000 0.000000 0.000000 1.000000 
0.998209 0.059825 0.000000 -0.004120 -0.059825 0.998209 0.000000 -0.137598 0.000000 0.000000 1.000000 0.273591 0.000000 0.000000 0.000000 1.000000 
0.998188 0.060175 0.000000 -0.004168 -0.060175 0.998188 0.000000 -0.138403 0.000000 0.000000 1.000000 0.247292 0.000000 0.000000 0.000000 1.000000 
0.998185 0.060220 0.000000 -0.004174 -0.060220 0.998185 0.000000 -0.138505 0.000000 0.000000 1.000000 0.215387 0.000000 0.000000 0.000000 1.000000 
0.998186 0.060210 0.000000 -0.004173 -0.060210 0.998186 0.000000 -0.138482 0.000000 0.000000 1.000000 0.180769 0.000000 0.000000 0.000000 1.000000 
0.998196 0.060043 0.000000 -0.004150 -0.060043 0.998196 0.000000 -0.138100 0.000000 0.000000 1.000000 0.145675 0.000000 0.000000 0.000000 1.000000 
0.998260 0.058964 0.000000 -0.004002 -0.058964 0.998260 0.000000 -0.135616 0.000000 0.000000 1.000000 0.110723 0.000000 0.000000 0.000000 1.000000 
0.998475 0.055199 0.000000 -0.003507 -0.055199 0.998475 0.000000 -0.126957 0.000000 0.000000 1.000000 0.077074 0.000000 0.000000 0.000000 1.000000 
0.998890 0.047109 0.000000 -0.002554 -0.047109 0.998890 0.000000 -0.108352 0.000000 0.000000 1.000000 0.047123 0.000000 0.000000 0.000000 1.000000 
0.999404 0.034522 0.000000 -0.001371 -0.034522 0.999404 0.000000 -0.079401 0.000000 0.000000 1.000000 0.023406 0.000000 0.000000 0.000000 1.000000 
0.999832 0.018355 0.000000 -0.000387 -0.018355 0.999832 0.000000 -0.042216 0.000000 0.000000 1.000000 0.007692 0.000000 0.000000 0.000000 1.000000 
1.000000 0.000000 0.000000 0.000000 0.000000 1.000000 0.000000 0.000000 0.000000 0.000000 1.000000 0.000000 0.000000 0.000000 0.000000 1.000000 
