0.966613 0.230118 -0.112716 -1.390016 -0.228569 0.973163 0.026653 -0.068571 0.115824 0.000000 0.993270 0.034747 0.000000 0.000000 0.000000 1.000000 
0.967220 0.232862 -0.101294 -1.389834 -0.231595 0.972510 0.024254 -0.069478 0.104158 -0.000000 0.994561 0.031247 0.000000 0.000000 0.000000 1.000000 
0.967213 0.236936 -0.091433 -1.389836 -0.235885 0.971525 0.022299 -0.070765 0.094113 0.000000 0.995562 0.028234 0.000000 0.000000 0.000000 1.000000 
0.967249 0.240871 -0.080070 -1.389825 -0.240049 0.970557 0.019872 -0.072015 0.082499 0.000000 0.996591 0.024750 0.000000 0.000000 0.000000 1.000000 
0.967584 0.243905 -0.065504 -1.389725 -0.243348 0.969799 0.016474 -0.073004 0.067544 -0.000000 0.997716 0.020263 0.000000 0.000000 0.000000 1.000000 
0.968292 0.245011 -0.048788 -1.389512 -0.244701 0.969520 0.012329 -0.073410 0.050322 -0.000000 0.998733 0.015097 0.000000 0.000000 0.000000 1.000000 
0.969145 0.244227 -0.033332 -1.389256 -0.244082 0.969718 0.008395 -0.073225 0.034373 -0.000000 0.999409 0.010312 0.000000 0.000000 0.000000 1.000000 
0.970053 0.242154 -0.018961 -1.388984 -0.242108 0.970238 0.004732 -0.072632 0.019543 -0.000000 0.999809 0.005863 0.000000 0.000000 0.000000 1.000000 
0.971125 0.238521 -0.004907 -1.388663 -0.238518 0.971137 0.001205 -0.071555 0.005053 -0.000000 0.999987 0.001516 0.000000 0.000000 0.000000 1.000000 
0.972498 0.232765 0.008257 -1.388251 -0.232756 0.972533 -0.001976 -0.069827 -0.008490 0.000000 0.999964 -0.002547 0.000000 0.000000 0.000000 1.000000 
0.974331 0.224249 0.019793 -1.387701 -0.224202 0.974532 -0.004555 -0.067261 -0.020310 0.000000 0.999794 -0.006093 0.000000 0.000000 0.000000 1.000000 
0.976786 0.212262 0.028886 -1.386964 -0.212170 0.977213 -0.006274 -0.063651 -0.029560 -0.000000 0.999563 -0.008868 0.000000 0.000000 0.000000 1.000000 
0.979961 0.196156 0.034629 -1.386012 -0.196034 0.980573 -0.006927 -0.058810 -0.035315 -0.000000 0.999376 -0.010595 0.000000 0.000000 0.000000 1.000000 
0.983473 0.177401 0.036195 -1.384958 -0.177281 0.984139 -0.006525 -0.053184 -0.036778 0.000000 0.999323 -0.011034 0.000000 0.000000 0.000000 1.000000 
0.986541 0.160028 0.033590 -1.384038 -0.159935 0.987113 -0.005446 -0.047980 -0.034029 0.000000 0.999421 -0.010209 0.000000 0.000000 0.000000 1.000000 
0.989088 0.144765 0.027358 -1.383274 -0.144710 0.989466 -0.004003 -0.043413 -0.027649 0.000000 0.999618 -0.008295 0.000000 0.000000 0.000000 1.000000 
0.991190 0.131210 0.018036 -1.382643 -0.131189 0.991355 -0.002387 -0.039357 -0.018193 0.000000 0.999834 -0.005458 0.000000 0.000000 0.000000 1.000000 
0.992887 0.118899 0.006225 -1.382134 -0.118897 0.992906 -0.000745 -0.035669 -0.006270 0.000000 0.999980 -0.001881 0.000000 0.000000 0.000000 1.000000 
0.994198 0.107307 -0.007405 -1.381740 -0.107304 0.994226 0.000799 -0.032191 0.007448 -0.000000 0.999972 0.002234 0.000000 0.000000 0.000000 1.000000 
0.995151 0.095833 -0.022136 -1.381455 -0.095809 0.995397 0.002131 -0.028743 0.022238 0.000000 0.999753 0.006671 0.000000 0.000000 0.000000 1.000000 
0.995856 0.082823 -0.037559 -1.381243 -0.082764 0.996564 0.003122 -0.024829 0.037689 -0.000000 0.999290 0.011307 0.000000 0.000000 0.000000 1.000000 
0.996617 0.064674 -0.050721 -1.381015 -0.064591 0.997906 0.003287 -0.019377 0.050828 -0.000000 0.998707 0.015248 0.000000 0.000000 0.000000 1.000000 
0.997421 0.044263 -0.056493 -1.380774 -0.044192 0.999020 0.002503 -0.013258 0.056548 0.000000 0.998400 0.016964 0.000000 0.000000 0.000000 1.000000 
0.997933 0.025490 -0.058997 -1.380620 -0.025446 0.999675 0.001504 -0.007634 0.059016 -0.000000 0.998257 0.017705 0.000000 0.000000 0.000000 1.000000 
0.997828 0.011771 -0.064812 -1.380652 -0.011746 0.999931 0.000763 -0.003524 0.064817 -0.000000 0.997897 0.019445 0.000000 0.000000 0.000000 1.000000 
0.996826 0.006246 -0.079361 -1.380952 -0.006226 0.999980 0.000496 -0.001868 0.079362 0.000000 0.996846 0.023809 0.000000 0.000000 0.000000 1.000000 
0.995273 0.008888 -0.096712 -1.381418 -0.008846 0.999961 0.000860 -0.002654 0.096715 -0.000000 0.995312 0.029015 0.000000 0.000000 0.000000 1.000000 
0.993795 0.017955 -0.109770 -1.381862 -0.017847 0.999839 0.001971 -0.005354 0.109788 0.000000 0.993955 0.032936 0.000000 0.000000 0.000000 1.000000 
0.992140 0.032922 -0.120725 -1.382358 -0.032681 0.999458 0.003977 -0.009804 0.120790 0.000000 0.992678 0.036237 0.000000 0.000000 0.000000 1.000000 
0.989739 0.053178 -0.132624 -1.383078 -0.052707 0.998585 0.007063 -0.015812 0.132811 -0.000000 0.991141 0.039843 0.000000 0.000000 0.000000 1.000000 
0.986774 0.075602 -0.143389 -1.383968 -0.074816 0.997138 0.010872 -0.022445 0.143801 0.000000 0.989607 0.043140 0.000000 0.000000 0.000000 1.000000 
0.984352 0.098323 -0.146232 -1.384694 -0.097256 0.995155 0.014448 -0.029177 0.146944 0.000000 0.989145 0.044083 0.000000 0.000000 0.000000 1.000000 
0.982407 0.120893 -0.142345 -1.385278 -0.119644 0.992666 0.017336 -0.035893 0.143396 0.000000 0.989665 0.043019 0.000000 0.000000 0.000000 1.000000 
0.980765 0.141243 -0.134725 -1.385771 -0.139929 0.989975 0.019222 -0.041979 0.136089 -0.000000 0.990697 0.040827 0.000000 0.000000 0.000000 1.000000 
0.979417 0.157335 -0.126442 -1.386175 -0.156040 0.987545 0.020145 -0.046812 0.128036 0.000000 0.991769 0.038411 0.000000 0.000000 0.000000 1.000000 
0.977836 0.171816 -0.119646 -1.386649 -0.170545 0.985129 0.020868 -0.051163 0.121452 -0.000000 0.992597 0.036436 0.000000 0.000000 0.000000 1.000000 
0.974457 0.191072 -0.118003 -1.387663 -0.189686 0.981576 0.022970 -0.056906 0.120218 -0.000000 0.992747 0.036065 0.000000 0.000000 0.000000 1.000000 
0.971062 0.209574 -0.114532 -1.388681 -0.208132 0.977793 0.024548 -0.062440 0.117133 0.000000 0.993116 0.035140 0.000000 0.000000 0.000000 1.000000 
0.969810 0.222696 -0.099372 -1.389057 -0.221536 0.974888 0.022700 -0.066461 0.101931 -0.000000 0.994791 0.030579 0.000000 0.000000 0.000000 1.000000 
0.970363 0.227423 -0.081693 -1.388891 -0.226621 0.973796 0.019079 -0.067986 0.083891 0.000000 0.996475 0.025167 0.000000 0.000000 0.000000 1.000000 
0.971735 0.226412 -0.066854 -1.388480 -0.225878 0.974032 0.015540 -0.067763 0.068636 -0.000000 0.997642 0.020591 0.000000 0.000000 0.000000 1.000000 
0.973234 0.224676 -0.048343 -1.388030 -0.224399 0.974433 0.011147 -0.067320 0.049612 0.000000 0.998769 0.014883 0.000000 0.000000 0.000000 1.000000 
0.974524 0.222759 -0.026094 -1.387643 -0.222679 0.974874 0.005962 -0.066804 0.026766 0.000000 0.999642 0.008030 0.000000 0.000000 0.000000 1.000000 
0.975298 0.220887 -0.001656 -1.387411 -0.220887 0.975299 0.000375 -0.066266 0.001698 -0.000000 0.999999 0.000510 0.000000 0.000000 0.000000 1.000000 
0.975380 0.219296 0.023322 -1.387386 -0.219233 0.975658 -0.005242 -0.065770 -0.023904 -0.000000 0.999714 -0.007171 0.000000 0.000000 0.000000 1.000000 
0.974760 0.218225 0.047131 -1.387572 -0.217970 0.975899 -0.010539 -0.065391 -0.048295 0.000000 0.998833 -0.014488 0.000000 0.000000 0.000000 1.000000 
0.973520 0.218123 0.068420 -1.387944 -0.217587 0.975921 -0.015292 -0.065276 -0.070108 0.000000 0.997539 -0.021033 0.000000 0.000000 0.000000 1.000000 
0.970309 0.222924 0.093835 -1.388907 -0.221889 0.974836 -0.021458 -0.066567 -0.096257 -0.000000 0.995356 -0.028877 0.000000 0.000000 0.000000 1.000000 
0.965711 0.229263 0.121825 -1.390287 -0.227460 0.973365 -0.028694 -0.068238 -0.125158 0.000000 0.992137 -0.037547 0.000000 0.000000 0.000000 1.000000 
0.962011 0.231720 0.144361 -1.391397 -0.229154 0.972783 -0.034387 -0.068746 -0.148400 0.000000 0.988927 -0.044520 0.000000 0.000000 0.000000 1.000000 
0.959273 0.230815 0.162846 -1.392218 -0.227560 0.972998 -0.038630 -0.068268 -0.167365 0.000000 0.985895 -0.050209 0.000000 0.000000 0.000000 1.000000 
0.957234 0.227292 0.179001 -1.392830 -0.223420 0.973827 -0.041779 -0.067026 -0.183811 0.000000 0.982962 -0.055143 0.000000 0.000000 0.000000 1.000000 
0.955478 0.221899 0.194478 -1.393356 -0.217440 0.975070 -0.044258 -0.065232 -0.199451 0.000000 0.979908 -0.059835 0.000000 0.000000 0.000000 1.000000 
0.953484 0.215399 0.210883 -1.393955 -0.210317 0.976526 -0.046516 -0.063095 -0.215952 0.000000 0.976404 -0.064786 0.000000 0.000000 0.000000 1.000000 
0.950776 0.208344 0.229385 -1.394767 -0.202533 0.978056 -0.048863 -0.060760 -0.234531 0.000000 0.972109 -0.070359 0.000000 0.000000 0.000000 1.000000 
0.948142 0.198336 0.248374 -1.395557 -0.191862 0.980134 -0.050260 -0.057559 -0.253408 0.000000 0.967360 -0.076022 0.000000 0.000000 0.000000 1.000000 
0.946298 0.183062 0.266473 -1.396110 -0.176208 0.983101 -0.049619 -0.052863 -0.271053 -0.000000 0.962564 -0.081316 0.000000 0.000000 0.000000 1.000000 
0.944976 0.163787 0.283185 -1.396507 -0.156894 0.986496 -0.047017 -0.047068 -0.287062 0.000000 0.957912 -0.086119 0.000000 0.000000 0.000000 1.000000 
0.943933 0.142198 0.297945 -1.396820 -0.135603 0.989838 -0.042802 -0.040681 -0.301004 0.000000 0.953623 -0.090301 0.000000 0.000000 0.000000 1.000000 
0.943054 0.120082 0.310207 -1.397084 -0.114069 0.992764 -0.037522 -0.034221 -0.312468 0.000000 0.949928 -0.093741 0.000000 0.000000 0.000000 1.000000 
0.942368 0.099322 0.319497 -1.397290 -0.094063 0.995055 -0.031891 -0.028219 -0.321085 0.000000 0.947051 -0.096325 0.000000 0.000000 0.000000 1.000000 
0.942020 0.081837 0.325424 -1.397394 -0.077351 0.996646 -0.026721 -0.023205 -0.326519 0.000000 0.945191 -0.097956 0.000000 0.000000 0.000000 1.000000 
0.942323 0.066847 0.327960 -1.397303 -0.063133 0.997763 -0.021972 -0.018940 -0.328695 0.000000 0.944436 -0.098609 0.000000 0.000000 0.000000 1.000000 
0.943503 0.046340 0.328108 -1.396949 -0.043769 0.998926 -0.015221 -0.013131 -0.328461 0.000000 0.944517 -0.098538 0.000000 0.000000 0.000000 1.000000 
0.944987 0.021370 0.326410 -1.396504 -0.020199 0.999772 -0.006977 -0.006060 -0.326485 0.000000 0.945203 -0.097945 0.000000 0.000000 0.000000 1.000000 
0.946259 -0.004855 0.323375 -1.396122 0.004594 0.999988 0.001570 0.001378 -0.323378 0.000000 0.946270 -0.097014 0.000000 0.000000 0.000000 1.000000 
0.947057 -0.029259 0.319729 -1.395883 0.027722 0.999572 0.009359 0.008317 -0.319866 0.000000 0.947463 -0.095960 0.000000 0.000000 0.000000 1.000000 
0.947025 -0.052229 0.316886 -1.395893 0.049529 0.998635 0.016573 0.014859 -0.317319 -0.000000 0.948319 -0.095196 0.000000 0.000000 0.000000 1.000000 
0.944035 -0.075256 0.321146 -1.396789 0.071246 0.997164 0.024237 0.021374 -0.322059 -0.000000 0.946720 -0.096618 0.000000 0.000000 0.000000 1.000000 
0.940308 -0.093600 0.327200 -1.397908 0.088401 0.995610 0.030761 0.026520 -0.328642 -0.000000 0.944454 -0.098593 0.000000 0.000000 0.000000 1.000000 
0.939394 -0.111417 0.324229 -1.398182 0.105320 0.993774 0.036351 0.031596 -0.326261 0.000000 0.945280 -0.097878 0.000000 0.000000 0.000000 1.000000 
0.940424 -0.132132 0.313280 -1.397873 0.125359 0.991232 0.041760 0.037608 -0.316051 -0.000000 0.948742 -0.094815 0.000000 0.000000 0.000000 1.000000 
0.943432 -0.132022 0.304150 -1.396971 0.125653 0.991247 0.040509 0.037696 -0.306836 -0.000000 0.951763 -0.092051 0.000000 0.000000 0.000000 1.000000 
0.946097 -0.115439 0.302611 -1.396171 0.109952 0.993315 0.035168 0.032985 -0.304648 0.000000 0.952465 -0.091394 0.000000 0.000000 0.000000 1.000000 
0.948183 -0.095138 0.303146 -1.395545 0.090619 0.995464 0.028972 0.027186 -0.304528 -0.000000 0.952503 -0.091358 0.000000 0.000000 0.000000 1.000000 
0.949662 -0.071708 0.304959 -1.395101 0.068274 0.997426 0.021924 0.020482 -0.305746 0.000000 0.952113 -0.091724 0.000000 0.000000 0.000000 1.000000 
0.950477 -0.045628 0.307429 -1.394857 0.043413 0.998959 0.014042 0.013024 -0.307749 -0.000000 0.951468 -0.092325 0.000000 0.000000 0.000000 1.000000 
0.950600 -0.017418 0.309929 -1.394820 0.016560 0.999848 0.005399 0.004968 -0.309976 0.000000 0.950744 -0.092993 0.000000 0.000000 0.000000 1.000000 
0.950608 0.010047 0.310231 -1.394818 -0.009552 0.999950 -0.003117 -0.002865 -0.310247 -0.000000 0.950656 -0.093074 0.000000 0.000000 0.000000 1.000000 
0.953215 0.009562 0.302141 -1.394035 -0.009115 0.999954 -0.002889 -0.002735 -0.302154 -0.000000 0.953259 -0.090646 0.000000 0.000000 0.000000 1.000000 
0.954293 -0.013730 0.298557 -1.393712 0.013104 0.999906 0.004100 0.003931 -0.298585 0.000000 0.954383 -0.089576 0.000000 0.000000 0.000000 1.000000 
0.955241 -0.037491 0.293445 -1.393428 0.035838 0.999297 0.011009 0.010751 -0.293651 -0.000000 0.955913 -0.088095 0.000000 0.000000 0.000000 1.000000 
0.955724 -0.059292 0.288230 -1.393283 0.056767 0.998241 0.017120 0.017030 -0.288737 -0.000000 0.957408 -0.086621 0.000000 0.000000 0.000000 1.000000 
0.954024 -0.080835 0.288623 -1.393793 0.077372 0.996727 0.023408 0.023212 -0.289570 0.000000 0.957157 -0.086871 0.000000 0.000000 0.000000 1.000000 
0.951595 -0.103911 0.289258 -1.394522 0.099419 0.994587 0.030221 0.029826 -0.290832 0.000000 0.956774 -0.087250 0.000000 0.000000 0.000000 1.000000 
0.948859 -0.129573 0.287885 -1.395342 0.123991 0.991570 0.037619 0.037197 -0.290332 0.000000 0.956926 -0.087100 0.000000 0.000000 0.000000 1.000000 
0.944925 -0.153206 0.289214 -1.396523 0.146497 0.988194 0.044839 0.043949 -0.292670 0.000000 0.956214 -0.087801 0.000000 0.000000 0.000000 1.000000 
0.939618 -0.173966 0.294710 -1.398115 0.165992 0.984752 0.052063 0.049798 -0.299274 0.000000 0.954167 -0.089782 0.000000 0.000000 0.000000 1.000000 
0.934554 -0.194685 0.297837 -1.399634 0.185493 0.980866 0.059115 0.055648 -0.303647 0.000000 0.952785 -0.091094 0.000000 0.000000 0.000000 1.000000 
0.931649 -0.215333 0.292680 -1.400505 0.205434 0.976541 0.064538 0.061630 -0.299711 0.000000 0.954030 -0.089913 0.000000 0.000000 0.000000 1.000000 
0.933818 -0.225967 0.277348 -1.399854 0.216615 0.974135 0.064336 0.064985 -0.284712 0.000000 0.958613 -0.085414 0.000000 0.000000 0.000000 1.000000 
0.940001 -0.229927 0.252053 -1.398000 0.222081 0.973208 0.059549 0.066624 -0.258992 0.000000 0.965879 -0.077698 0.000000 0.000000 0.000000 1.000000 
0.944595 -0.231370 0.232827 -1.396621 0.224646 0.972866 0.055371 0.067394 -0.239320 0.000000 0.970941 -0.071796 0.000000 0.000000 0.000000 1.000000 
0.948801 -0.219373 0.227272 -1.395360 0.213338 0.975641 0.051102 0.064001 -0.232946 0.000000 0.972490 -0.069884 0.000000 0.000000 0.000000 1.000000 
0.953020 -0.194705 0.232039 -1.394094 0.189178 0.980862 0.046061 0.056754 -0.236567 0.000000 0.971615 -0.070970 0.000000 0.000000 0.000000 1.000000 
0.955358 -0.175516 0.237668 -1.393393 0.170325 0.984476 0.042372 0.051097 -0.241415 0.000000 0.970422 -0.072425 0.000000 0.000000 0.000000 1.000000 
0.958764 -0.151957 0.240169 -1.392371 0.147403 0.988387 0.036924 0.044221 -0.242991 0.000000 0.970029 -0.072897 0.000000 0.000000 0.000000 1.000000 
0.963226 -0.120279 0.240267 -1.391032 0.116704 0.992740 0.029110 0.035011 -0.242024 -0.000000 0.970270 -0.072607 0.000000 0.000000 0.000000 1.000000 
0.966844 -0.094656 0.237177 -1.389947 0.091931 0.995510 0.022552 0.027579 -0.238247 0.000000 0.971205 -0.071474 0.000000 0.000000 0.000000 1.000000 
0.968879 -0.089978 0.230604 -1.389336 0.087533 0.995944 0.020834 0.026260 -0.231543 -0.000000 0.972825 -0.069463 0.000000 0.000000 0.000000 1.000000 
0.968497 -0.107588 0.224583 -1.389451 0.104807 0.994196 0.024304 0.031442 -0.225894 -0.000000 0.974152 -0.067768 0.000000 0.000000 0.000000 1.000000 
0.965767 -0.132099 0.223258 -1.390270 0.128705 0.991237 0.029753 0.038611 -0.225232 -0.000000 0.974305 -0.067570 0.000000 0.000000 0.000000 1.000000 
0.962631 -0.156822 0.220789 -1.391211 0.152853 0.987627 0.035058 0.045856 -0.223555 0.000000 0.974691 -0.067067 0.000000 0.000000 0.000000 1.000000 
0.960222 -0.181239 0.212429 -1.391933 0.176960 0.983439 0.039149 0.053088 -0.216007 -0.000000 0.976392 -0.064802 0.000000 0.000000 0.000000 1.000000 
0.958228 -0.201433 0.203037 -1.392532 0.197058 0.979502 0.041754 0.059117 -0.207286 -0.000000 0.978280 -0.062186 0.000000 0.000000 0.000000 1.000000 
0.955168 -0.220083 0.198032 -1.393449 0.215500 0.975481 0.044679 0.064650 -0.203010 0.000000 0.979177 -0.060903 0.000000 0.000000 0.000000 1.000000 
0.952000 -0.238358 0.192043 -1.394400 0.233652 0.971177 0.047134 0.070096 -0.197742 0.000000 0.980254 -0.059323 0.000000 0.000000 0.000000 1.000000 
0.953826 -0.244376 0.174634 -1.393852 0.240381 0.969680 0.044011 0.072114 -0.180094 0.000000 0.983649 -0.054028 0.000000 0.000000 0.000000 1.000000 
0.958068 -0.244679 0.149124 -1.392580 0.241768 0.969604 0.037631 0.072530 -0.153799 0.000000 0.988102 -0.046140 0.000000 0.000000 0.000000 1.000000 
0.961672 -0.241578 0.129716 -1.391498 0.239410 0.970381 0.032293 0.071823 -0.133675 0.000000 0.991025 -0.040103 0.000000 0.000000 0.000000 1.000000 
0.964450 -0.231001 0.128355 -1.390665 0.228982 0.972954 0.030474 0.068695 -0.131923 -0.000000 0.991260 -0.039577 0.000000 0.000000 0.000000 1.000000 
0.967393 -0.209081 0.142951 -1.389782 0.206835 0.977898 0.030564 0.062051 -0.146182 0.000000 0.989258 -0.043855 0.000000 0.000000 0.000000 1.000000 
0.969841 -0.188726 0.154241 -1.389048 0.186383 0.982030 0.029642 0.055915 -0.157064 0.000000 0.987588 -0.047119 0.000000 0.000000 0.000000 1.000000 
0.972173 -0.171378 0.159717 -1.388348 0.169111 0.985205 0.027783 0.050733 -0.162115 0.000000 0.986772 -0.048635 0.000000 0.000000 0.000000 1.000000 
0.975085 -0.151136 0.162377 -1.387474 0.149083 0.988513 0.024826 0.044725 -0.164264 -0.000000 0.986416 -0.049279 0.000000 0.000000 0.000000 1.000000 
0.978657 -0.125509 0.162718 -1.386403 0.123809 0.992093 0.020585 0.037143 -0.164015 0.000000 0.986458 -0.049205 0.000000 0.000000 0.000000 1.000000 
0.982809 -0.093101 0.159429 -1.385157 0.091900 0.995657 0.014908 0.027570 -0.160125 0.000000 0.987097 -0.048037 0.000000 0.000000 0.000000 1.000000 
0.986551 -0.059593 0.152204 -1.384035 0.058896 0.998223 0.009086 0.017669 -0.152475 -0.000000 0.988307 -0.045742 0.000000 0.000000 0.000000 1.000000 
0.988307 -0.031084 0.149273 -1.383508 0.030736 0.999517 0.004642 0.009221 -0.149345 -0.000000 0.988785 -0.044804 0.000000 0.000000 0.000000 1.000000 
0.988539 -0.007489 0.150779 -1.383438 0.007403 0.999972 0.001129 0.002221 -0.150783 0.000000 0.988567 -0.045235 0.000000 0.000000 0.000000 1.000000 
0.987742 0.012009 0.155631 -1.383677 -0.011863 0.999928 -0.001869 -0.003559 -0.155642 0.000000 0.987814 -0.046693 0.000000 0.000000 0.000000 1.000000 
0.986275 0.028262 0.162674 -1.384117 -0.027885 0.999601 -0.004599 -0.008366 -0.162739 0.000000 0.986669 -0.048822 0.000000 0.000000 0.000000 1.000000 
0.984388 0.041770 0.170982 -1.384683 -0.041154 0.999127 -0.007148 -0.012346 -0.171131 0.000000 0.985248 -0.051339 0.000000 0.000000 0.000000 1.000000 
0.982819 0.039923 0.180205 -1.385154 -0.039268 0.999203 -0.007200 -0.011780 -0.180349 -0.000000 0.983603 -0.054105 0.000000 0.000000 0.000000 1.000000 
0.983204 0.015666 0.181835 -1.385039 -0.015404 0.999877 -0.002849 -0.004621 -0.181858 0.000000 0.983325 -0.054557 0.000000 0.000000 0.000000 1.000000 
0.983620 -0.012377 0.179826 -1.384914 0.012175 0.999923 0.002226 0.003653 -0.179840 0.000000 0.983696 -0.053952 0.000000 0.000000 0.000000 1.000000 
0.983645 -0.036390 0.176403 -1.384906 0.035819 0.999338 0.006424 0.010746 -0.176520 0.000000 0.984297 -0.052956 0.000000 0.000000 0.000000 1.000000 
0.983804 -0.050662 0.171938 -1.384859 0.049905 0.998716 0.008722 0.014972 -0.172159 -0.000000 0.985069 -0.051648 0.000000 0.000000 0.000000 1.000000 
0.985887 -0.055684 0.157877 -1.384234 0.054983 0.998448 0.008805 0.016495 -0.158122 0.000000 0.987420 -0.047437 0.000000 0.000000 0.000000 1.000000 
0.989661 -0.054804 0.132540 -1.383102 0.054319 0.998497 0.007275 0.016296 -0.132740 0.000000 0.991151 -0.039822 0.000000 0.000000 0.000000 1.000000 
0.992692 -0.053240 0.108299 -1.382192 0.052926 0.998582 0.005774 0.015878 -0.108453 -0.000000 0.994102 -0.032536 0.000000 0.000000 0.000000 1.000000 
0.995078 -0.048120 0.086626 -1.381477 0.047938 0.998842 0.004173 0.014381 -0.086726 0.000000 0.996232 -0.026018 0.000000 0.000000 0.000000 1.000000 
0.997300 -0.039649 0.061810 -1.380810 0.039573 0.999214 0.002453 0.011872 -0.061859 -0.000000 0.998085 -0.018558 0.000000 0.000000 0.000000 1.000000 
0.998833 -0.030183 0.037716 -1.380350 0.030161 0.999544 0.001139 0.009048 -0.037733 -0.000000 0.999288 -0.011320 0.000000 0.000000 0.000000 1.000000 
0.999601 -0.022176 0.017493 -1.380120 0.022173 0.999754 0.000388 0.006652 -0.017498 0.000000 0.999847 -0.005249 0.000000 0.000000 0.000000 1.000000 
0.999754 -0.021923 -0.003388 -1.380074 0.021923 0.999760 -0.000074 0.006577 0.003389 0.000000 0.999994 0.001017 0.000000 0.000000 0.000000 1.000000 
0.999201 -0.032084 -0.023843 -1.380240 0.032075 0.999485 -0.000765 0.009623 0.023855 0.000000 0.999715 0.007157 0.000000 0.000000 0.000000 1.000000 
0.997932 -0.050567 -0.039688 -1.380620 0.050527 0.998721 -0.002009 0.015158 0.039739 0.000000 0.999210 0.011922 0.000000 0.000000 0.000000 1.000000 
0.996161 -0.075164 -0.044863 -1.381152 0.075088 0.997171 -0.003382 0.022526 0.044990 -0.000000 0.998987 0.013497 0.000000 0.000000 0.000000 1.000000 
0.994581 -0.093189 -0.046091 -1.381626 0.093089 0.995648 -0.004314 0.027927 0.046292 0.000000 0.998928 0.013888 0.000000 0.000000 0.000000 1.000000 
0.992682 -0.112602 -0.043633 -1.382195 0.112494 0.993640 -0.004945 0.033748 0.043912 0.000000 0.999035 0.013174 0.000000 0.000000 0.000000 1.000000 
0.989345 -0.140688 -0.037470 -1.383197 0.140587 0.990054 -0.005325 0.042176 0.037847 -0.000000 0.999284 0.011354 0.000000 0.000000 0.000000 1.000000 
0.985792 -0.164759 -0.032686 -1.384262 0.164668 0.986334 -0.005460 0.049400 0.033139 -0.000000 0.999451 0.009942 0.000000 0.000000 0.000000 1.000000 
0.982647 -0.182180 -0.034857 -1.385206 0.182066 0.983265 -0.006458 0.054620 0.035450 -0.000000 0.999371 0.010635 0.000000 0.000000 0.000000 1.000000 
0.978047 -0.204633 -0.039367 -1.386586 0.204467 0.978839 -0.008230 0.061340 0.040218 0.000000 0.999191 0.012066 0.000000 0.000000 0.000000 1.000000 
0.975952 -0.216027 -0.029170 -1.387215 0.215931 0.976387 -0.006454 0.064779 0.029876 0.000000 0.999554 0.008963 0.000000 0.000000 0.000000 1.000000 
0.976125 -0.217152 -0.004992 -1.387162 0.217149 0.976138 -0.001111 0.065145 0.005114 0.000000 0.999987 0.001534 0.000000 0.000000 0.000000 1.000000 
0.976692 -0.213855 0.018419 -1.386992 0.213817 0.976865 0.004032 0.064145 -0.018855 -0.000000 0.999822 -0.005657 0.000000 0.000000 0.000000 1.000000 
0.978704 -0.203389 0.027764 -1.386389 0.203307 0.979098 0.005767 0.060992 -0.028357 0.000000 0.999598 -0.008507 0.000000 0.000000 0.000000 1.000000 
0.983132 -0.181015 0.026175 -1.385060 0.180950 0.983480 0.004818 0.054285 -0.026615 -0.000000 0.999646 -0.007984 0.000000 0.000000 0.000000 1.000000 
0.987589 -0.154924 0.025808 -1.383723 0.154871 0.987926 0.004047 0.046461 -0.026124 -0.000000 0.999659 -0.007837 0.000000 0.000000 0.000000 1.000000 
0.990990 -0.131818 0.023716 -1.382703 0.131780 0.991274 0.003154 0.039534 -0.023924 -0.000000 0.999714 -0.007177 0.000000 0.000000 0.000000 1.000000 
0.993102 -0.115511 0.020147 -1.382069 0.115488 0.993306 0.002343 0.034646 -0.020282 -0.000000 0.999794 -0.006085 0.000000 0.000000 0.000000 1.000000 
0.995036 -0.097294 0.020894 -1.381489 0.097272 0.995256 0.002043 0.029182 -0.020994 0.000000 0.999780 -0.006298 0.000000 0.000000 0.000000 1.000000 
0.997201 -0.070711 0.024288 -1.380840 0.070690 0.997497 0.001722 0.021207 -0.024349 0.000000 0.999704 -0.007305 0.000000 0.000000 0.000000 1.000000 
0.998798 -0.042683 0.024091 -1.380361 0.042671 0.999089 0.001029 0.012801 -0.024113 -0.000000 0.999709 -0.007234 0.000000 0.000000 0.000000 1.000000 
0.999490 -0.029373 0.012521 -1.380153 0.029371 0.999569 0.000368 0.008811 -0.012526 -0.000000 0.999922 -0.003758 0.000000 0.000000 0.000000 1.000000 
0.999582 -0.027025 -0.010267 -1.380125 0.027024 0.999635 -0.000278 0.008107 0.010271 -0.000000 0.999947 0.003081 0.000000 0.000000 0.000000 1.000000 
0.998942 -0.032494 -0.032550 -1.380317 0.032477 0.999472 -0.001058 0.009743 0.032568 -0.000000 0.999470 0.009770 0.000000 0.000000 0.000000 1.000000 
0.997781 -0.049217 -0.044847 -1.380666 0.049167 0.998788 -0.002210 0.014750 0.044901 0.000000 0.998991 0.013470 0.000000 0.000000 0.000000 1.000000 
0.996080 -0.072279 -0.050994 -1.381176 0.072184 0.997384 -0.003695 0.021655 0.051127 0.000000 0.998692 0.015338 0.000000 0.000000 0.000000 1.000000 
0.993793 -0.095611 -0.056869 -1.381862 0.095455 0.995419 -0.005462 0.028636 0.057131 0.000000 0.998367 0.017139 0.000000 0.000000 0.000000 1.000000 
0.990599 -0.117716 -0.069694 -1.382820 0.117426 0.993047 -0.008262 0.035228 0.070182 0.000000 0.997534 0.021055 0.000000 0.000000 0.000000 1.000000 
0.986861 -0.136790 -0.085985 -1.383942 0.136274 0.990600 -0.011874 0.040882 0.086801 0.000000 0.996226 0.026040 0.000000 0.000000 0.000000 1.000000 
0.983767 -0.149794 -0.098814 -1.384870 0.149044 0.988717 -0.014971 0.044713 0.099942 0.000000 0.994993 0.029982 0.000000 0.000000 0.000000 1.000000 
0.980411 -0.165731 -0.106433 -1.385877 0.164762 0.986171 -0.017887 0.049429 0.107926 0.000000 0.994159 0.032378 0.000000 0.000000 0.000000 1.000000 
0.976133 -0.187150 -0.110182 -1.387160 0.185969 0.982331 -0.020991 0.055791 0.112164 0.000000 0.993690 0.033649 0.000000 0.000000 0.000000 1.000000 
0.971666 -0.209545 -0.109339 -1.388500 0.208231 0.977799 -0.023432 0.062469 0.111822 0.000000 0.993728 0.033547 0.000000 0.000000 0.000000 1.000000 
0.966704 -0.230347 -0.111465 -1.389989 0.228831 0.973109 -0.026385 0.068649 0.114545 -0.000000 0.993418 0.034364 0.000000 0.000000 0.000000 1.000000 
0.963036 -0.238149 -0.125882 -1.391089 0.236140 0.971229 -0.030867 0.070842 0.129611 -0.000000 0.991565 0.038883 0.000000 0.000000 0.000000 1.000000 
0.959749 -0.237239 -0.150329 -1.392075 0.234381 0.971451 -0.036712 0.070314 0.154747 -0.000000 0.987954 0.046424 0.000000 0.000000 0.000000 1.000000 
0.957144 -0.231726 -0.173720 -1.392857 0.228001 0.972781 -0.041382 0.068400 0.178581 0.000000 0.983925 0.053574 0.000000 0.000000 0.000000 1.000000 
0.957606 -0.221581 -0.184101 -1.392718 0.217597 0.975142 -0.041833 0.065279 0.188794 -0.000000 0.982017 0.056638 0.000000 0.000000 0.000000 1.000000 
0.962620 -0.204894 -0.177149 -1.391214 0.201511 0.978784 -0.037084 0.060453 0.180989 0.000000 0.983485 0.054297 0.000000 0.000000 0.000000 1.000000 
0.967523 -0.186547 -0.170583 -1.389743 0.183713 0.982446 -0.032390 0.055114 0.173631 0.000000 0.984811 0.052089 0.000000 0.000000 0.000000 1.000000 
0.971492 -0.164923 -0.170304 -1.388552 0.162446 0.986306 -0.028477 0.048734 0.172669 -0.000000 0.984980 0.051801 0.000000 0.000000 0.000000 1.000000 
0.975377 -0.141044 -0.169547 -1.387387 0.138960 0.990003 -0.024155 0.041688 0.171259 -0.000000 0.985226 0.051378 0.000000 0.000000 0.000000 1.000000 
0.979286 -0.118756 -0.163997 -1.386214 0.117125 0.992924 -0.019614 0.035137 0.165166 0.000000 0.986266 0.049550 0.000000 0.000000 0.000000 1.000000 
0.983356 -0.096218 -0.154117 -1.384993 0.095058 0.995360 -0.014898 0.028517 0.154836 0.000000 0.987940 0.046451 0.000000 0.000000 0.000000 1.000000 
0.986482 -0.076869 -0.144719 -1.384055 0.076055 0.997041 -0.011157 0.022817 0.145149 -0.000000 0.989410 0.043545 0.000000 0.000000 0.000000 1.000000 
0.988459 -0.058998 -0.139527 -1.383462 0.058418 0.998258 -0.008246 0.017526 0.139770 0.000000 0.990184 0.041931 0.000000 0.000000 0.000000 1.000000 
0.989868 -0.036617 -0.137191 -1.383040 0.036270 0.999329 -0.005027 0.010881 0.137283 0.000000 0.990532 0.041185 0.000000 0.000000 0.000000 1.000000 
0.991200 -0.013017 -0.131729 -1.382640 0.012904 0.999915 -0.001715 0.003871 0.131740 -0.000000 0.991284 0.039522 0.000000 0.000000 0.000000 1.000000 
0.990906 0.006463 -0.134404 -1.382728 -0.006404 0.999979 0.000869 -0.001921 0.134407 -0.000000 0.990926 0.040322 0.000000 0.000000 0.000000 1.000000 
0.988814 0.015750 -0.148323 -1.383356 -0.015575 0.999876 0.002336 -0.004673 0.148342 -0.000000 0.988936 0.044502 0.000000 0.000000 0.000000 1.000000 
0.985240 0.025628 -0.169247 -1.384428 -0.025258 0.999672 0.004339 -0.007578 0.169303 0.000000 0.985564 0.050791 0.000000 0.000000 0.000000 1.000000 
0.983282 0.053043 -0.174192 -1.385015 -0.052230 0.998592 0.009253 -0.015669 0.174438 0.000000 0.984668 0.052331 0.000000 0.000000 0.000000 1.000000 
0.981274 0.080803 -0.174848 -1.385618 -0.079550 0.996730 0.014175 -0.023865 0.175422 0.000000 0.984493 0.052627 0.000000 0.000000 0.000000 1.000000 
0.978196 0.100848 -0.181555 -1.386541 -0.099155 0.994902 0.018403 -0.029746 0.182486 0.000000 0.983209 0.054746 0.000000 0.000000 0.000000 1.000000 
0.975042 0.112970 -0.191128 -1.387487 -0.110861 0.993598 0.021731 -0.033258 0.192360 0.000000 0.981324 0.057708 0.000000 0.000000 0.000000 1.000000 
0.971968 0.115808 -0.204616 -1.388410 -0.113324 0.993272 0.023857 -0.033997 0.206002 -0.000000 0.978552 0.061801 0.000000 0.000000 0.000000 1.000000 
0.968407 0.106451 -0.225511 -1.389478 -0.103677 0.994318 0.024143 -0.031103 0.226800 0.000000 0.973941 0.068040 0.000000 0.000000 0.000000 1.000000 
0.965628 0.106515 -0.237100 -1.390311 -0.103442 0.994311 0.025399 -0.031033 0.238457 0.000000 0.971153 0.071537 0.000000 0.000000 0.000000 1.000000 
0.967210 0.113956 -0.226976 -1.389837 -0.110942 0.993486 0.026035 -0.033283 0.228464 -0.000000 0.973552 0.068539 0.000000 0.000000 0.000000 1.000000 
0.972294 0.109064 -0.206761 -1.388312 -0.106678 0.994035 0.022685 -0.032004 0.208002 0.000000 0.978128 0.062401 0.000000 0.000000 0.000000 1.000000 
0.977085 0.096984 -0.189473 -1.386875 -0.095210 0.995286 0.018463 -0.028563 0.190370 -0.000000 0.981712 0.057111 0.000000 0.000000 0.000000 1.000000 
0.979403 0.077860 -0.186302 -1.386179 -0.076489 0.996964 0.014550 -0.022947 0.186869 -0.000000 0.982385 0.056061 0.000000 0.000000 0.000000 1.000000 
0.980240 0.053435 -0.190459 -1.385928 -0.052454 0.998571 0.010192 -0.015736 0.190731 0.000000 0.981642 0.057219 0.000000 0.000000 0.000000 1.000000 
0.979745 0.031139 -0.197812 -1.386076 -0.030523 0.999515 0.006163 -0.009157 0.197908 -0.000000 0.980221 0.059372 0.000000 0.000000 0.000000 1.000000 
0.977044 0.014549 -0.212539 -1.386887 -0.014216 0.999894 0.003093 -0.004265 0.212561 0.000000 0.977148 0.063768 0.000000 0.000000 0.000000 1.000000 
0.973585 0.011540 -0.228031 -1.387924 -0.011236 0.999933 0.002632 -0.003371 0.228046 0.000000 0.973650 0.068414 0.000000 0.000000 0.000000 1.000000 
0.972606 0.020980 -0.231511 -1.388218 -0.020410 0.999780 0.004858 -0.006123 0.231562 -0.000000 0.972820 0.069469 0.000000 0.000000 0.000000 1.000000 
0.970500 0.008909 -0.240937 -1.388850 -0.008647 0.999960 0.002147 -0.002594 0.240946 -0.000000 0.970538 0.072284 0.000000 0.000000 0.000000 1.000000 
0.966426 -0.009145 -0.256782 -1.390072 0.008838 0.999958 -0.002348 0.002651 0.256793 0.000000 0.966466 0.077038 0.000000 0.000000 0.000000 1.000000 
0.963427 -0.029751 -0.266314 -1.390972 0.028675 0.999557 -0.007927 0.008603 0.266432 0.000000 0.963854 0.079930 0.000000 0.000000 0.000000 1.000000 
0.960540 -0.053301 -0.272987 -1.391838 0.051270 0.998579 -0.014571 0.015381 0.273375 0.000000 0.961907 0.082013 0.000000 0.000000 0.000000 1.000000 
0.957325 -0.074006 -0.279378 -1.392802 0.071042 0.997258 -0.020732 0.021313 0.280146 -0.000000 0.959957 0.084044 0.000000 0.000000 0.000000 1.000000 
0.953190 -0.090048 -0.288652 -1.394043 0.086183 0.995937 -0.026099 0.025855 0.289829 0.000000 0.957078 0.086949 0.000000 0.000000 0.000000 1.000000 
0.948208 -0.111524 -0.297428 -1.395537 0.106412 0.993762 -0.033378 0.031924 0.299295 0.000000 0.954161 0.089788 0.000000 0.000000 0.000000 1.000000 
0.945851 -0.129819 -0.297512 -1.396245 0.123838 0.991538 -0.038952 0.037151 0.300051 0.000000 0.953923 0.090015 0.000000 0.000000 0.000000 1.000000 
0.948951 -0.131483 -0.286713 -1.395315 0.125863 0.991318 -0.038028 0.037759 0.289224 -0.000000 0.957261 0.086767 0.000000 0.000000 0.000000 1.000000 
0.951599 -0.140367 -0.273415 -1.394520 0.134909 0.990100 -0.038762 0.040473 0.276149 -0.000000 0.961115 0.082845 0.000000 0.000000 0.000000 1.000000 
0.949217 -0.154292 -0.274193 -1.395235 0.148232 0.988025 -0.042819 0.044470 0.277516 0.000000 0.960721 0.083255 0.000000 0.000000 0.000000 1.000000 
0.944038 -0.157263 -0.289933 -1.396789 0.150333 0.987557 -0.046170 0.045100 0.293586 -0.000000 0.955933 0.088076 0.000000 0.000000 0.000000 1.000000 
0.939460 -0.151215 -0.307487 -1.398162 0.143713 0.988501 -0.047037 0.043114 0.311064 0.000000 0.950389 0.093319 0.000000 0.000000 0.000000 1.000000 
0.937054 -0.136473 -0.321412 -1.398884 0.129091 0.990644 -0.044278 0.038727 0.324447 0.000000 0.945904 0.097334 0.000000 0.000000 0.000000 1.000000 
0.937996 -0.117871 -0.325990 -1.398601 0.111339 0.993029 -0.038694 0.033402 0.328278 0.000000 0.944581 0.098484 0.000000 0.000000 0.000000 1.000000 
0.941028 -0.095465 -0.324581 -1.397692 0.090248 0.995433 -0.031128 0.027074 0.326071 0.000000 0.945345 0.097821 0.000000 0.000000 0.000000 1.000000 
0.944672 -0.072366 -0.319934 -1.396598 0.068542 0.997378 -0.023213 0.020563 0.320775 -0.000000 0.947155 0.096232 0.000000 0.000000 0.000000 1.000000 
0.947777 -0.052199 -0.314632 -1.395667 0.049540 0.998637 -0.016446 0.014862 0.315062 0.000000 0.949071 0.094519 0.000000 0.000000 0.000000 1.000000 
0.949761 -0.036349 -0.310858 -1.395072 0.034545 0.999339 -0.011307 0.010364 0.311064 -0.000000 0.950389 0.093319 0.000000 0.000000 0.000000 1.000000 
0.950782 -0.021612 -0.309105 -1.394765 0.020553 0.999766 -0.006682 0.006166 0.309177 -0.000000 0.951004 0.092753 0.000000 0.000000 0.000000 1.000000 
0.951075 -0.003964 -0.308933 -1.394677 0.003770 0.999992 -0.001225 0.001131 0.308936 0.000000 0.951083 0.092681 0.000000 0.000000 0.000000 1.000000 
0.950740 0.021597 -0.309236 -1.394778 -0.020538 0.999767 0.006680 -0.006161 0.309308 0.000000 0.950962 0.092792 0.000000 0.000000 0.000000 1.000000 
0.949940 0.051360 -0.308182 -1.395018 -0.048854 0.998680 0.015849 -0.014656 0.308589 -0.000000 0.951195 0.092577 0.000000 0.000000 0.000000 1.000000 
0.949629 0.076354 -0.303934 -1.395111 -0.072720 0.997081 0.023275 -0.021816 0.304824 -0.000000 0.952409 0.091447 0.000000 0.000000 0.000000 1.000000 
0.949783 0.098131 -0.297124 -1.395065 -0.093655 0.995174 0.029298 -0.028097 0.298565 -0.000000 0.954389 0.089569 0.000000 0.000000 0.000000 1.000000 
0.950113 0.116785 -0.289216 -1.394966 -0.111724 0.993157 0.034009 -0.033517 0.291208 0.000000 0.956660 0.087363 0.000000 0.000000 0.000000 1.000000 
0.950366 0.132214 -0.281645 -1.394890 -0.126765 0.991221 0.037567 -0.038029 0.284140 0.000000 0.958783 0.085242 0.000000 0.000000 0.000000 1.000000 
0.950352 0.144965 -0.275348 -1.394894 -0.139239 0.989437 0.040342 -0.041772 0.278287 0.000000 0.960498 0.083486 0.000000 0.000000 0.000000 1.000000 
0.950303 0.159867 -0.267145 -1.394909 -0.153901 0.987139 0.043264 -0.046170 0.270625 -0.000000 0.962685 0.081188 0.000000 0.000000 0.000000 1.000000 
0.950577 0.177882 -0.254481 -1.394827 -0.171831 0.984052 0.046001 -0.051549 0.258605 0.000000 0.965983 0.077582 0.000000 0.000000 0.000000 1.000000 
0.951086 0.194452 -0.240050 -1.394674 -0.188540 0.980912 0.047587 -0.056562 0.244721 0.000000 0.969593 0.073416 0.000000 0.000000 0.000000 1.000000 
0.952043 0.205228 -0.226928 -1.394387 -0.199635 0.978714 0.047585 -0.059890 0.231863 0.000000 0.972748 0.069559 0.000000 0.000000 0.000000 1.000000 
0.954284 0.207833 -0.214819 -1.393715 -0.202759 0.978164 0.045643 -0.060828 0.219615 -0.000000 0.975587 0.065884 0.000000 0.000000 0.000000 1.000000 
0.957620 0.206826 -0.200466 -1.392714 -0.202438 0.978378 0.042378 -0.060731 0.204897 0.000000 0.978784 0.061469 0.000000 0.000000 0.000000 1.000000 
0.960765 0.210627 -0.180463 -1.391770 -0.207007 0.977566 0.038883 -0.062102 0.184604 -0.000000 0.982813 0.055381 0.000000 0.000000 0.000000 1.000000 
0.962489 0.218926 -0.160269 -1.391253 -0.215953 0.975741 0.035959 -0.064786 0.164253 0.000000 0.986418 0.049276 0.000000 0.000000 0.000000 1.000000 
0.963245 0.225737 -0.145609 -1.391027 -0.223202 0.974188 0.033740 -0.066961 0.149467 -0.000000 0.988767 0.044840 0.000000 0.000000 0.000000 1.000000 
0.964710 0.229164 -0.129689 -1.390587 -0.227121 0.973388 0.030532 -0.068136 0.133234 -0.000000 0.991085 0.039970 0.000000 0.000000 0.000000 1.000000 
0.966613 0.230118 -0.112716 -1.390016 -0.228569 0.973163 0.026653 -0.068571 0.115824 0.000000 0.993270 0.034747 0.000000 0.000000 0.000000 1.000000 
