0.905226 0.149377 0.397810 -0.402126 -0.136754 0.988780 -0.060098 -0.075215 -0.402324 0.000000 0.915497 -0.221278 0.000000 0.000000 0.000000 1.000000 
0.909565 0.125774 0.396072 -0.399740 -0.115315 0.992059 -0.050214 -0.063423 -0.399242 0.000000 0.916846 -0.219583 0.000000 0.000000 0.000000 1.000000 
0.919053 0.105241 0.379823 -0.394521 -0.097263 0.994447 -0.040196 -0.053494 -0.381944 0.000000 0.924186 -0.210069 0.000000 0.000000 0.000000 1.000000 
0.930089 0.082296 0.357998 -0.388452 -0.076803 0.996608 -0.029562 -0.042242 -0.359216 0.000000 0.933254 -0.197569 0.000000 0.000000 0.000000 1.000000 
0.939535 0.052601 0.338389 -0.383256 -0.049489 0.998616 -0.017824 -0.027219 -0.338858 0.000000 0.940837 -0.186372 0.000000 0.000000 0.000000 1.000000 
0.946078 0.016675 0.323510 -0.379657 -0.015778 0.999861 -0.005395 -0.008678 -0.323555 0.000000 0.946209 -0.177955 0.000000 0.000000 0.000000 1.000000 
0.949921 -0.022544 0.311676 -0.377544 0.021420 0.999746 0.007028 0.011781 -0.311755 0.000000 0.950163 -0.171465 0.000000 0.000000 0.000000 1.000000 
0.951985 -0.062359 0.299727 -0.376409 0.059480 0.998054 0.018727 0.032714 -0.300311 0.000000 0.953841 -0.165171 0.000000 0.000000 0.000000 1.000000 
0.953209 -0.100881 0.284982 -0.375735 0.096654 0.994898 0.028897 0.053160 -0.286444 -0.000000 0.958097 -0.157544 0.000000 0.000000 0.000000 1.000000 
0.954250 -0.136680 0.265942 -0.375163 0.131663 0.990615 0.036693 0.072414 -0.268462 -0.000000 0.963290 -0.147654 0.000000 0.000000 0.000000 1.000000 
0.955454 -0.168577 0.242261 -0.374501 0.163406 0.985688 0.041433 0.089874 -0.245778 0.000000 0.969326 -0.135178 0.000000 0.000000 0.000000 1.000000 
0.956970 -0.195573 0.214384 -0.373667 0.190842 0.980689 0.042753 0.104963 -0.218605 0.000000 0.975813 -0.120233 0.000000 0.000000 0.000000 1.000000 
0.958963 -0.216550 0.183017 -0.372570 0.212711 0.976271 0.040596 0.116991 -0.187465 -0.000000 0.982271 -0.103106 0.000000 0.000000 0.000000 1.000000 
0.961639 -0.230413 0.148860 -0.371099 0.227701 0.973093 0.035248 0.125236 -0.152977 0.000000 0.988230 -0.084137 0.000000 0.000000 0.000000 1.000000 
0.964815 -0.237428 0.112963 -0.369352 0.235817 0.971405 0.027610 0.129699 -0.116288 0.000000 0.993216 -0.063958 0.000000 0.000000 0.000000 1.000000 
0.968058 -0.238784 0.076454 -0.367568 0.238043 0.971073 0.018800 0.130924 -0.078731 0.000000 0.996896 -0.043302 0.000000 0.000000 0.000000 1.000000 
0.970984 -0.235759 0.040091 -0.365959 0.235558 0.971812 0.009726 0.129557 -0.041254 0.000000 0.999149 -0.022690 0.000000 0.000000 0.000000 1.000000 
0.973180 -0.230005 0.004229 -0.364751 0.230003 0.973189 0.000999 0.126502 -0.004345 0.000000 0.999991 -0.002390 0.000000 0.000000 0.000000 1.000000 
0.974075 -0.224090 -0.031015 -0.364259 0.223977 0.974568 -0.007132 0.123187 0.031825 0.000000 0.999493 0.017503 0.000000 0.000000 0.000000 1.000000 
0.972984 -0.221431 -0.065341 -0.364859 0.220934 0.975176 -0.014837 0.121514 0.067004 -0.000000 0.997753 0.036852 0.000000 0.000000 0.000000 1.000000 
0.969458 -0.224944 -0.097729 -0.366798 0.223810 0.974372 -0.022562 0.123095 0.100300 -0.000000 0.994957 0.055165 0.000000 0.000000 0.000000 1.000000 
0.963569 -0.235587 -0.126620 -0.370037 0.233579 0.971853 -0.030694 0.128469 0.130287 0.000000 0.991476 0.071658 0.000000 0.000000 0.000000 1.000000 
0.955821 -0.252272 -0.150880 -0.374299 0.249186 0.967656 -0.039335 0.137052 0.155923 0.000000 0.987769 0.085758 0.000000 0.000000 0.000000 1.000000 
0.946855 -0.272748 -0.170513 -0.379230 0.268430 0.962086 -0.048340 0.147636 0.177232 0.000000 0.984169 0.097478 0.000000 0.000000 0.000000 1.000000 
0.937244 -0.294553 -0.186582 -0.384516 0.288884 0.955635 -0.057510 0.158886 0.195244 0.000000 0.980755 0.107384 0.000000 0.000000 0.000000 1.000000 
0.927499 -0.315362 -0.200728 -0.389876 0.308227 0.948971 -0.066706 0.169525 0.211522 0.000000 0.977373 0.116337 0.000000 0.000000 0.000000 1.000000 
0.918202 -0.332869 -0.214717 -0.394989 0.324125 0.942973 -0.075795 0.178269 0.227702 0.000000 0.973731 0.125236 0.000000 0.000000 0.000000 1.000000 
0.910119 -0.344682 -0.229950 -0.399435 0.334180 0.938720 -0.084434 0.183799 0.244962 0.000000 0.969533 0.134729 0.000000 0.000000 0.000000 1.000000 
0.904044 -0.348913 -0.246910 -0.402776 0.336585 0.937155 -0.091927 0.185122 0.263467 0.000000 0.964668 0.144907 0.000000 0.000000 0.000000 1.000000 
0.900270 -0.345421 -0.264948 -0.404852 0.331369 0.938448 -0.097521 0.182253 0.282326 0.000000 0.959319 0.155279 0.000000 0.000000 0.000000 1.000000 
0.898449 -0.335726 -0.282978 -0.405853 0.320218 0.941960 -0.100857 0.176120 0.300415 0.000000 0.953809 0.165228 0.000000 0.000000 0.000000 1.000000 
0.897882 -0.322001 -0.300204 -0.406165 0.305384 0.946739 -0.102104 0.167961 0.317093 -0.000000 0.948394 0.174401 0.000000 0.000000 0.000000 1.000000 
0.898006 -0.305903 -0.316241 -0.406097 0.288534 0.952063 -0.101610 0.158694 0.332164 0.000000 0.943222 0.182690 0.000000 0.000000 0.000000 1.000000 
0.898497 -0.288422 -0.330931 -0.405827 0.270648 0.957503 -0.099684 0.148856 0.345618 0.000000 0.938375 0.190090 0.000000 0.000000 0.000000 1.000000 
0.899201 -0.270087 -0.344224 -0.405440 0.252236 0.962836 -0.096559 0.138730 0.357511 -0.000000 0.933909 0.196631 0.000000 0.000000 0.000000 1.000000 
0.900056 -0.251161 -0.356114 -0.404969 0.233546 0.967945 -0.092404 0.128450 0.367907 -0.000000 0.929862 0.202349 0.000000 0.000000 0.000000 1.000000 
0.901034 -0.231818 -0.366603 -0.404431 0.214726 0.972759 -0.087365 0.118099 0.376869 0.000000 0.926267 0.207278 0.000000 0.000000 0.000000 1.000000 
0.902121 -0.212184 -0.375708 -0.403834 0.195875 0.977230 -0.081577 0.107731 0.384462 -0.000000 0.923141 0.211454 0.000000 0.000000 0.000000 1.000000 
0.903308 -0.192361 -0.383448 -0.403181 0.177068 0.981324 -0.075164 0.097387 0.390745 -0.000000 0.920499 0.214910 0.000000 0.000000 0.000000 1.000000 
0.904588 -0.172454 -0.389847 -0.402477 0.158373 0.985018 -0.068253 0.087105 0.395777 0.000000 0.918347 0.217677 0.000000 0.000000 0.000000 1.000000 
0.905953 -0.152551 -0.394939 -0.401726 0.139841 0.988296 -0.060962 0.076913 0.399616 0.000000 0.916683 0.219789 0.000000 0.000000 0.000000 1.000000 
0.907399 -0.132746 -0.398754 -0.400931 0.121529 0.991150 -0.053406 0.066841 0.402314 0.000000 0.915502 0.221273 0.000000 0.000000 0.000000 1.000000 
0.908922 -0.113123 -0.401327 -0.400093 0.103485 0.993581 -0.045693 0.056917 0.403920 0.000000 0.914794 0.222156 0.000000 0.000000 0.000000 1.000000 
0.910519 -0.093780 -0.402690 -0.399215 0.085766 0.995593 -0.037931 0.047171 0.404473 0.000000 0.914550 0.222460 0.000000 0.000000 0.000000 1.000000 
0.912194 -0.074839 -0.402866 -0.398293 0.068460 0.997196 -0.030235 0.037653 0.403998 -0.000000 0.914760 0.222199 0.000000 0.000000 0.000000 1.000000 
0.913958 -0.056460 -0.401861 -0.397323 0.051684 0.998405 -0.022725 0.028426 0.402503 0.000000 0.915419 0.221377 0.000000 0.000000 0.000000 1.000000 
0.915839 -0.038895 -0.399657 -0.396289 0.035648 0.999243 -0.015556 0.019607 0.399960 0.000000 0.916533 0.219978 0.000000 0.000000 0.000000 1.000000 
0.917885 -0.022482 -0.396209 -0.395163 0.020641 0.999747 -0.008910 0.011352 0.396309 0.000000 0.918117 0.217970 0.000000 0.000000 0.000000 1.000000 
0.920174 -0.007720 -0.391434 -0.393905 0.007104 0.999970 -0.003022 0.003907 0.391445 0.000000 0.920201 0.215295 0.000000 0.000000 0.000000 1.000000 
0.922808 0.004796 -0.385230 -0.392456 -0.004426 0.999988 0.001848 -0.002434 0.385234 -0.000000 0.922819 0.211879 0.000000 0.000000 0.000000 1.000000 
0.925892 0.014434 -0.377513 -0.390760 -0.013366 0.999896 0.005450 -0.007351 0.377553 0.000000 0.925988 0.207654 0.000000 0.000000 0.000000 1.000000 
0.929505 0.020621 -0.368233 -0.388773 -0.019171 0.999787 0.007595 -0.010544 0.368311 0.000000 0.929703 0.202571 0.000000 0.000000 0.000000 1.000000 
0.933594 0.023448 -0.357563 -0.386523 -0.021897 0.999725 0.008386 -0.012043 0.357662 0.000000 0.933851 0.196714 0.000000 0.000000 0.000000 1.000000 
0.938015 0.023384 -0.345804 -0.384092 -0.021941 0.999727 0.008089 -0.012067 0.345898 0.000000 0.938272 0.190244 0.000000 0.000000 0.000000 1.000000 
0.942611 0.021058 -0.333228 -0.381564 -0.019854 0.999778 0.007019 -0.010920 0.333302 0.000000 0.942820 0.183316 0.000000 0.000000 0.000000 1.000000 
0.947230 0.017184 -0.320093 -0.379024 -0.016279 0.999852 0.005501 -0.008954 0.320140 0.000000 0.947370 0.176077 0.000000 0.000000 0.000000 1.000000 
0.951766 0.012315 -0.306577 -0.376529 -0.011722 0.999924 0.003776 -0.006447 0.306600 0.000000 0.951838 0.168630 0.000000 0.000000 0.000000 1.000000 
0.956152 0.006878 -0.292791 -0.374117 -0.006576 0.999976 0.002014 -0.003617 0.292798 0.000000 0.956174 0.161039 0.000000 0.000000 0.000000 1.000000 
0.960345 0.001178 -0.278811 -0.371810 -0.001131 0.999999 0.000328 -0.000622 0.278811 -0.000000 0.960346 0.153346 0.000000 0.000000 0.000000 1.000000 
0.964328 -0.004593 -0.264670 -0.369620 0.004429 0.999989 -0.001216 0.002436 0.264673 -0.000000 0.964338 0.145570 0.000000 0.000000 0.000000 1.000000 
0.968087 -0.010273 -0.250403 -0.367552 0.009946 0.999947 -0.002573 0.005470 0.250416 0.000000 0.968138 0.137729 0.000000 0.000000 0.000000 1.000000 
0.971615 -0.015734 -0.236043 -0.365612 0.015289 0.999876 -0.003714 0.008409 0.236073 -0.000000 0.971735 0.129840 0.000000 0.000000 0.000000 1.000000 
0.974905 -0.020829 -0.221645 -0.363802 0.020311 0.999783 -0.004618 0.011171 0.221693 0.000000 0.975117 0.121931 0.000000 0.000000 0.000000 1.000000 
0.977944 -0.025363 -0.207322 -0.362131 0.024812 0.999678 -0.005260 0.013647 0.207389 0.000000 0.978259 0.114064 0.000000 0.000000 0.000000 1.000000 
0.980721 -0.029112 -0.193234 -0.360604 0.028562 0.999576 -0.005628 0.015709 0.193316 -0.000000 0.981137 0.106324 0.000000 0.000000 0.000000 1.000000 
0.983211 -0.031746 -0.179691 -0.359234 0.031228 0.999496 -0.005707 0.017176 0.179782 -0.000000 0.983707 0.098880 0.000000 0.000000 0.000000 1.000000 
0.985395 -0.032911 -0.167074 -0.358033 0.032448 0.999458 -0.005501 0.017846 0.167165 0.000000 0.985929 0.091941 0.000000 0.000000 0.000000 1.000000 
0.987237 -0.032228 -0.155964 -0.357020 0.031834 0.999481 -0.005029 0.017509 0.156045 -0.000000 0.987750 0.085825 0.000000 0.000000 0.000000 1.000000 
0.988696 -0.029334 -0.147034 -0.356217 0.029015 0.999570 -0.004315 0.015958 0.147098 -0.000000 0.989122 0.080904 0.000000 0.000000 0.000000 1.000000 
0.989728 -0.024138 -0.140908 -0.355650 0.023897 0.999709 -0.003402 0.013143 0.140949 0.000000 0.990017 0.077522 0.000000 0.000000 0.000000 1.000000 
0.990268 -0.016780 -0.138158 -0.355353 0.016619 0.999859 -0.002319 0.009140 0.138178 -0.000000 0.990407 0.075998 0.000000 0.000000 0.000000 1.000000 
0.990275 -0.007581 -0.138920 -0.355349 0.007508 0.999971 -0.001053 0.004129 0.138924 -0.000000 0.990303 0.076408 0.000000 0.000000 0.000000 1.000000 
0.989754 0.002887 -0.142755 -0.355636 -0.002857 0.999996 0.000412 -0.001572 0.142756 0.000000 0.989758 0.078516 0.000000 0.000000 0.000000 1.000000 
0.988719 0.014132 -0.149113 -0.356205 -0.013974 0.999900 0.002108 -0.007686 0.149128 0.000000 0.988818 0.082020 0.000000 0.000000 0.000000 1.000000 
0.987214 0.025856 -0.157288 -0.357032 -0.025534 0.999666 0.004068 -0.014044 0.157340 0.000000 0.987544 0.086537 0.000000 0.000000 0.000000 1.000000 
0.985300 0.037864 -0.166585 -0.358085 -0.037334 0.999283 0.006312 -0.020534 0.166704 -0.000000 0.986007 0.091687 0.000000 0.000000 0.000000 1.000000 
0.983033 0.050236 -0.176413 -0.359332 -0.049447 0.998737 0.008874 -0.027196 0.176636 -0.000000 0.984276 0.097150 0.000000 0.000000 0.000000 1.000000 
0.980476 0.063107 -0.186237 -0.360738 -0.061999 0.998007 0.011776 -0.034099 0.186609 -0.000000 0.982434 0.102635 0.000000 0.000000 0.000000 1.000000 
0.977659 0.076561 -0.195760 -0.362288 -0.075071 0.997065 0.015032 -0.041289 0.196336 0.000000 0.980537 0.107985 0.000000 0.000000 0.000000 1.000000 
0.974600 0.090657 -0.204782 -0.363970 -0.088720 0.995882 0.018642 -0.048796 0.205629 0.000000 0.978630 0.113096 0.000000 0.000000 0.000000 1.000000 
0.971301 0.105391 -0.213228 -0.365784 -0.102940 0.994431 0.022598 -0.056617 0.214422 0.000000 0.976741 0.117932 0.000000 0.000000 0.000000 1.000000 
0.967756 0.120730 -0.221073 -0.367735 -0.117698 0.992685 0.026887 -0.064734 0.222702 0.000000 0.974887 0.122486 0.000000 0.000000 0.000000 1.000000 
0.963950 0.136632 -0.228324 -0.369828 -0.132954 0.990622 0.031492 -0.073124 0.230486 -0.000000 0.973076 0.126767 0.000000 0.000000 0.000000 1.000000 
0.959872 0.153055 -0.234987 -0.372070 -0.148665 0.988218 0.036395 -0.081766 0.237789 -0.000000 0.971317 0.130784 0.000000 0.000000 0.000000 1.000000 
0.955510 0.169973 -0.241058 -0.374470 -0.164809 0.985449 0.041579 -0.090645 0.244618 -0.000000 0.969620 0.134540 0.000000 0.000000 0.000000 1.000000 
0.950857 0.187363 -0.246509 -0.377029 -0.181367 0.982291 0.047019 -0.099752 0.250953 0.000000 0.967999 0.138024 0.000000 0.000000 0.000000 1.000000 
0.945912 0.205207 -0.251278 -0.379749 -0.198328 0.978719 0.052685 -0.109080 0.256742 0.000000 0.966480 0.141208 0.000000 0.000000 0.000000 1.000000 
0.940687 0.223482 -0.255271 -0.382622 -0.215682 0.974708 0.058529 -0.118625 0.261894 0.000000 0.965097 0.144042 0.000000 0.000000 0.000000 1.000000 
0.935216 0.242146 -0.258333 -0.385631 -0.233405 0.970240 0.064473 -0.128373 0.266256 0.000000 0.963902 0.146441 0.000000 0.000000 0.000000 1.000000 
0.929577 0.261093 -0.260224 -0.388733 -0.251427 0.965314 0.070384 -0.138285 0.269574 0.000000 0.962980 0.148266 0.000000 0.000000 0.000000 1.000000 
0.923920 0.280109 -0.260596 -0.391844 -0.269591 0.959968 0.076040 -0.148275 0.271464 0.000000 0.962449 0.149305 0.000000 0.000000 0.000000 1.000000 
0.918536 0.298727 -0.258947 -0.394805 -0.287520 0.954339 0.081055 -0.158136 0.271336 -0.000000 0.962485 0.149235 0.000000 0.000000 0.000000 1.000000 
0.913897 0.316136 -0.254656 -0.397357 -0.304534 0.948714 0.084858 -0.167494 0.268422 0.000000 0.963301 0.147632 0.000000 0.000000 0.000000 1.000000 
0.910716 0.331002 -0.247051 -0.399106 -0.319456 0.943630 0.086659 -0.175701 0.261809 0.000000 0.965120 0.143995 0.000000 0.000000 0.000000 1.000000 
0.909761 0.341694 -0.235754 -0.399632 -0.330768 0.939811 0.085715 -0.181923 0.250853 0.000000 0.968025 0.137969 0.000000 0.000000 0.000000 1.000000 
0.911500 0.346998 -0.220816 -0.398675 -0.337244 0.937866 0.081699 -0.185484 0.235445 0.000000 0.971888 0.129495 0.000000 0.000000 0.000000 1.000000 
0.915555 0.347268 -0.202890 -0.396445 -0.339043 0.937766 0.075133 -0.186473 0.216355 0.000000 0.976315 0.118995 0.000000 0.000000 0.000000 1.000000 
0.921080 0.343882 -0.182640 -0.393406 -0.337314 0.939013 0.066886 -0.185523 0.194502 -0.000000 0.980902 0.106976 0.000000 0.000000 0.000000 1.000000 
0.927201 0.338375 -0.160626 -0.390040 -0.333409 0.941011 0.057759 -0.183375 0.170695 -0.000000 0.985324 0.093882 0.000000 0.000000 0.000000 1.000000 
0.933340 0.331729 -0.137232 -0.386663 -0.328200 0.943375 0.048256 -0.180510 0.145469 0.000000 0.989363 0.080008 0.000000 0.000000 0.000000 1.000000 
0.939254 0.324172 -0.112761 -0.383411 -0.321861 0.945998 0.038641 -0.177024 0.119198 0.000000 0.992870 0.065559 0.000000 0.000000 0.000000 1.000000 
0.944915 0.315395 -0.087533 -0.380297 -0.314051 0.948960 0.029092 -0.172728 0.092241 -0.000000 0.995737 0.050732 0.000000 0.000000 0.000000 1.000000 
0.950396 0.304818 -0.061912 -0.377282 -0.304173 0.952411 0.019815 -0.167295 0.065006 0.000000 0.997885 0.035753 0.000000 0.000000 0.000000 1.000000 
0.955769 0.291873 -0.036270 -0.374327 -0.291663 0.956457 0.011068 -0.160415 0.037921 0.000000 0.999281 0.020856 0.000000 0.000000 0.000000 1.000000 
0.961024 0.276251 -0.010886 -0.371437 -0.276233 0.961086 0.003129 -0.151928 0.011327 -0.000000 0.999936 0.006230 0.000000 0.000000 0.000000 1.000000 
0.966046 0.257983 0.014123 -0.368675 -0.257955 0.966150 -0.003771 -0.141875 -0.014618 0.000000 0.999893 -0.008040 0.000000 0.000000 0.000000 1.000000 
0.970642 0.237378 0.038810 -0.366147 -0.237188 0.971417 -0.009484 -0.130453 -0.039952 0.000000 0.999202 -0.021973 0.000000 0.000000 0.000000 1.000000 
0.974577 0.214912 0.063336 -0.363983 -0.214460 0.976633 -0.013937 -0.117953 -0.064852 0.000000 0.997895 -0.035668 0.000000 0.000000 0.000000 1.000000 
0.977578 0.191323 0.087965 -0.362333 -0.190553 0.981527 -0.017146 -0.104804 -0.089620 0.000000 0.995976 -0.049291 0.000000 0.000000 0.000000 1.000000 
0.979240 0.168178 0.113163 -0.361418 -0.167066 0.985757 -0.019307 -0.091886 -0.114799 0.000000 0.993389 -0.063139 0.000000 0.000000 0.000000 1.000000 
0.978934 0.148882 0.139721 -0.361586 -0.147388 0.988855 -0.021036 -0.081063 -0.141295 0.000000 0.989967 -0.077712 0.000000 0.000000 0.000000 1.000000 
0.975921 0.138835 0.168236 -0.363244 -0.136817 0.990315 -0.023585 -0.075249 -0.169881 0.000000 0.985465 -0.093434 0.000000 0.000000 0.000000 1.000000 
0.969933 0.141904 0.197719 -0.366537 -0.139045 0.989880 -0.028344 -0.076475 -0.199740 -0.000000 0.979849 -0.109857 0.000000 0.000000 0.000000 1.000000 
0.961552 0.156062 0.225970 -0.371147 -0.151923 0.987747 -0.035703 -0.083558 -0.228773 -0.000000 0.973480 -0.125825 0.000000 0.000000 0.000000 1.000000 
0.951554 0.175618 0.252396 -0.376646 -0.169748 0.984458 -0.045025 -0.093362 -0.256380 0.000000 0.966576 -0.141009 0.000000 0.000000 0.000000 1.000000 
0.940601 0.194420 0.278335 -0.382670 -0.186429 0.980918 -0.055166 -0.102536 -0.283749 -0.000000 0.958899 -0.156062 0.000000 0.000000 0.000000 1.000000 
0.929524 0.206658 0.305415 -0.388762 -0.196332 0.978413 -0.064509 -0.107982 -0.312153 0.000000 0.950032 -0.171684 0.000000 0.000000 0.000000 1.000000 
0.919498 0.207612 0.333797 -0.394276 -0.195151 0.978211 -0.070844 -0.107333 -0.341232 0.000000 0.939979 -0.187678 0.000000 0.000000 0.000000 1.000000 
0.911587 0.195955 0.361401 -0.398627 -0.182162 0.980613 -0.072218 -0.100189 -0.368546 0.000000 0.929610 -0.202700 0.000000 0.000000 0.000000 1.000000 
0.906348 0.174672 0.384738 -0.401509 -0.160785 0.984627 -0.068252 -0.088432 -0.390745 -0.000000 0.920499 -0.214910 0.000000 0.000000 0.000000 1.000000 
0.905226 0.149377 0.397810 -0.402126 -0.136754 0.988780 -0.060098 -0.075215 -0.402324 0.000000 0.915497 -0.221278 0.000000 0.000000 0.000000 1.000000 