1.000000 -0.000000 0.000000 -0.000000 0.000000 1.000000 0.000000 0.000000 0.000000 0.000000 1.000000 0.000000 0.000000 0.000000 0.000000 1.000000 
1.000000 0.000544 0.000000 -0.000000 -0.000544 1.000000 0.000000 -0.000544 0.000000 0.000000 1.000000 -0.000349 0.000000 0.000000 0.000000 1.000000 
0.999998 0.002174 0.000000 -0.000002 -0.002174 0.999998 0.000000 -0.002174 0.000000 0.000000 1.000000 -0.001396 0.000000 0.000000 0.000000 1.000000 
0.999988 0.004893 0.000000 -0.000012 -0.004893 0.999988 0.000000 -0.004893 0.000000 0.000000 1.000000 -0.003141 0.000000 0.000000 0.000000 1.000000 
0.999962 0.008697 0.000000 -0.000038 -0.008697 0.999962 0.000000 -0.008697 0.000000 0.000000 1.000000 -0.005584 0.000000 0.000000 0.000000 1.000000 
0.999908 0.013584 0.000000 -0.000092 -0.013584 0.999908 0.000000 -0.013584 0.000000 0.000000 1.000000 -0.008724 0.000000 0.000000 0.000000 1.000000 
0.999809 0.019544 0.000000 -0.000191 -0.019544 0.999809 0.000000 -0.019544 0.000000 0.000000 1.000000 -0.012558 0.000000 0.000000 0.000000 1.000000 
0.999647 0.026556 0.000000 -0.000353 -0.026556 0.999647 0.000000 -0.026556 0.000000 0.000000 1.000000 -0.017083 0.000000 0.000000 0.000000 1.000000 
0.999402 0.034588 0.000000 -0.000598 -0.034588 0.999402 0.000000 -0.034588 0.000000 0.000000 1.000000 -0.022294 0.000000 0.000000 0.000000 1.000000 
0.999050 0.043587 0.000000 -0.000950 -0.043587 0.999050 0.000000 -0.043587 0.000000 0.000000 1.000000 -0.028180 0.000000 0.000000 0.000000 1.000000 
0.998569 0.053475 0.000000 -0.001431 -0.053475 0.998569 0.000000 -0.053475 0.000000 0.000000 1.000000 -0.034730 0.000000 0.000000 0.000000 1.000000 
0.997941 0.064146 0.000000 -0.002059 -0.064146 0.997941 0.000000 -0.064146 0.000000 0.000000 1.000000 -0.041924 0.000000 0.000000 0.000000 1.000000 
0.997149 0.075453 0.000000 -0.002851 -0.075453 0.997149 0.000000 -0.075453 0.000000 0.000000 1.000000 -0.049738 0.000000 0.000000 0.000000 1.000000 
0.996190 0.087208 0.000000 -0.003810 -0.087208 0.996190 0.000000 -0.087208 0.000000 0.000000 1.000000 -0.058140 0.000000 0.000000 0.000000 1.000000 
0.995070 0.099174 0.000000 -0.004930 -0.099174 0.995070 0.000000 -0.099174 0.000000 0.000000 1.000000 -0.067090 0.000000 0.000000 0.000000 1.000000 
0.993814 0.111060 0.000000 -0.006186 -0.111060 0.993814 0.000000 -0.111060 0.000000 0.000000 1.000000 -0.076537 0.000000 0.000000 0.000000 1.000000 
0.992467 0.122516 0.000000 -0.007533 -0.122516 0.992467 0.000000 -0.122516 0.000000 0.000000 1.000000 -0.086417 0.000000 0.000000 0.000000 1.000000 
0.991097 0.133138 0.000000 -0.008903 -0.133138 0.991097 0.000000 -0.133138 0.000000 0.000000 1.000000 -0.096656 0.000000 0.000000 0.000000 1.000000 
0.989799 0.142470 0.000000 -0.010201 -0.142470 0.989799 0.000000 -0.142470 0.000000 0.000000 1.000000 -0.107165 0.000000 0.000000 0.000000 1.000000 
0.988685 0.150008 0.000000 -0.011315 -0.150008 0.988685 0.000000 -0.150008 0.000000 0.000000 1.000000 -0.117839 0.000000 0.000000 0.000000 1.000000 
0.987880 0.155221 0.000000 -0.012120 -0.155221 0.987880 0.000000 -0.155221 0.000000 0.000000 1.000000 -0.128558 0.000000 0.000000 0.000000 1.000000 
0.987508 0.157568 0.000000 -0.012492 -0.157568 0.987508 0.000000 -0.157568 0.000000 0.000000 1.000000 -0.139183 0.000000 0.000000 0.000000 1.000000 
0.987674 0.156524 0.000000 -0.012326 -0.156524 0.987674 0.000000 -0.156524 0.000000 0.000000 1.000000 -0.149560 0.000000 0.000000 0.000000 1.000000 
0.988439 0.151617 0.000000 -0.011561 -0.151617 0.988439 0.000000 -0.151617 0.000000 0.000000 1.000000 -0.159517 0.000000 0.000000 0.000000 1.000000 
0.989799 0.142470 0.000000 -0.010201 -0.142470 0.989799 0.000000 -0.142470 0.000000 0.000000 1.000000 -0.168866 0.000000 0.000000 0.000000 1.000000 
0.991665 0.128839 0.000000 -0.008335 -0.128839 0.991665 0.000000 -0.128839 0.000000 0.000000 1.000000 -0.177402 0.000000 0.000000 0.000000 1.000000 
0.993857 0.110668 0.000000 -0.006143 -0.110668 0.993857 0.000000 -0.110668 0.000000 0.000000 1.000000 -0.184909 0.000000 0.000000 0.000000 1.000000 
0.996110 0.088122 0.000000 -0.003890 -0.088122 0.996110 0.000000 -0.088122 0.000000 0.000000 1.000000 -0.191159 0.000000 0.000000 0.000000 1.000000 
0.998099 0.061633 0.000000 -0.001901 -0.061633 0.998099 0.000000 -0.061633 0.000000 0.000000 1.000000 -0.195915 0.000000 0.000000 0.000000 1.000000 
0.999490 0.031919 0.000000 -0.000510 -0.031919 0.999490 0.000000 -0.031919 0.000000 0.000000 1.000000 -0.198941 0.000000 0.000000 0.000000 1.000000 
1.000000 0.000000 0.000000 0.000000 -0.000000 1.000000 0.000000 -0.000000 0.000000 0.000000 1.000000 -0.200000 0.000000 0.000000 0.000000 1.000000 
0.999495 -0.031761 0.000000 -0.000505 0.031761 0.999495 0.000000 0.031761 0.000000 0.000000 1.000000 -0.198941 0.000000 0.000000 0.000000 1.000000 
0.998135 -0.061046 0.000000 -0.001865 0.061046 0.998135 0.000000 0.061046 0.000000 0.000000 1.000000 -0.195915 0.000000 0.000000 0.000000 1.000000 
0.996215 -0.086927 0.000000 -0.003785 0.086927 0.996215 0.000000 0.086927 0.000000 0.000000 1.000000 -0.191159 0.000000 0.000000 0.000000 1.000000 
0.994065 -0.108787 0.000000 -0.005935 0.108787 0.994065 0.000000 0.108787 0.000000 0.000000 1.000000 -0.184909 0.000000 0.000000 0.000000 1.000000 
0.991993 -0.126295 0.000000 -0.008007 0.126295 0.991993 0.000000 0.126295 0.000000 0.000000 1.000000 -0.177402 0.000000 0.000000 0.000000 1.000000 
0.990242 -0.139362 0.000000 -0.009758 0.139362 0.990242 0.000000 0.139362 0.000000 0.000000 1.000000 -0.168866 0.000000 0.000000 0.000000 1.000000 
0.988972 -0.148100 0.000000 -0.011028 0.148100 0.988972 0.000000 0.148100 0.000000 0.000000 1.000000 -0.159517 0.000000 0.000000 0.000000 1.000000 
0.988261 -0.152777 0.000000 -0.011739 0.152777 0.988261 0.000000 0.152777 0.000000 0.000000 1.000000 -0.149560 0.000000 0.000000 0.000000 1.000000 
0.988106 -0.153771 0.000000 -0.011894 0.153771 0.988106 0.000000 0.153771 0.000000 0.000000 1.000000 -0.139183 0.000000 0.000000 0.000000 1.000000 
0.988452 -0.151536 0.000000 -0.011548 0.151536 0.988452 0.000000 0.151536 0.000000 0.000000 1.000000 -0.128558 0.000000 0.000000 0.000000 1.000000 
0.989201 -0.146565 0.000000 -0.010799 0.146565 0.989201 0.000000 0.146565 0.000000 0.000000 1.000000 -0.117839 0.000000 0.000000 0.000000 1.000000 
0.990242 -0.139362 0.000000 -0.009758 0.139362 0.990242 0.000000 0.139362 0.000000 0.000000 1.000000 -0.107165 0.000000 0.000000 0.000000 1.000000 
0.991459 -0.130422 0.000000 -0.008541 0.130422 0.991459 0.000000 0.130422 0.000000 0.000000 1.000000 -0.096656 0.000000 0.000000 0.000000 1.000000 
0.992748 -0.120214 0.000000 -0.007252 0.120214 0.992748 0.000000 0.120214 0.000000 0.000000 1.000000 -0.086417 0.000000 0.000000 0.000000 1.000000 
0.994024 -0.109166 0.000000 -0.005976 0.109166 0.994024 0.000000 0.109166 0.000000 0.000000 1.000000 -0.076537 0.000000 0.000000 0.000000 1.000000 
0.995220 -0.097663 0.000000 -0.004780 0.097663 0.995220 0.000000 0.097663 0.000000 0.000000 1.000000 -0.067090 0.000000 0.000000 0.000000 1.000000 
0.996292 -0.086038 0.000000 -0.003708 0.086038 0.996292 0.000000 0.086038 0.000000 0.000000 1.000000 -0.058140 0.000000 0.000000 0.000000 1.000000 
0.997215 -0.074575 0.000000 -0.002785 0.074575 0.997215 0.000000 0.074575 0.000000 0.000000 1.000000 -0.049738 0.000000 0.000000 0.000000 1.000000 
0.997981 -0.063511 0.000000 -0.002019 0.063511 0.997981 0.000000 0.063511 0.000000 0.000000 1.000000 -0.041924 0.000000 0.000000 0.000000 1.000000 
0.998593 -0.053033 0.000000 -0.001407 0.053033 0.998593 0.000000 0.053033 0.000000 0.000000 1.000000 -0.034730 0.000000 0.000000 0.000000 1.000000 
0.999062 -0.043293 0.000000 -0.000938 0.043293 0.999062 0.000000 0.043293 0.000000 0.000000 1.000000 -0.028180 0.000000 0.000000 0.000000 1.000000 
0.999408 -0.034403 0.000000 -0.000592 0.034403 0.999408 0.000000 0.034403 0.000000 0.000000 1.000000 -0.022294 0.000000 0.000000 0.000000 1.000000 
0.999650 -0.026447 0.000000 -0.000350 0.026447 0.999650 0.000000 0.026447 0.000000 0.000000 1.000000 -0.017083 0.000000 0.000000 0.000000 1.000000 
0.999810 -0.019485 0.000000 -0.000190 0.019485 0.999810 0.000000 0.019485 0.000000 0.000000 1.000000 -0.012558 0.000000 0.000000 0.000000 1.000000 
0.999908 -0.013556 0.000000 -0.000092 0.013556 0.999908 0.000000 0.013556 0.000000 0.000000 1.000000 -0.008724 0.000000 0.000000 0.000000 1.000000 
0.999962 -0.008686 0.000000 -0.000038 0.008686 0.999962 0.000000 0.008686 0.000000 0.000000 1.000000 -0.005584 0.000000 0.000000 0.000000 1.000000 
0.999988 -0.004889 0.000000 -0.000012 0.004889 0.999988 0.000000 0.004889 0.000000 0.000000 1.000000 -0.003141 0.000000 0.000000 0.000000 1.000000 
0.999998 -0.002174 0.000000 -0.000002 0.002174 0.999998 0.000000 0.002174 0.000000 0.000000 1.000000 -0.001396 0.000000 0.000000 0.000000 1.000000 
1.000000 -0.000543 0.000000 -0.000000 0.000543 1.000000 0.000000 0.000543 0.000000 0.000000 1.000000 -0.000349 0.000000 0.000000 0.000000 1.000000 
1.000000 -0.000000 0.000000 -0.000000 0.000000 1.000000 0.000000 0.000000 0.000000 0.000000 1.000000 0.000000 0.000000 0.000000 0.000000 1.000000 
1.000000 0.000544 0.000000 -0.000000 -0.000544 1.000000 0.000000 -0.000544 0.000000 0.000000 1.000000 0.000349 0.000000 0.000000 0.000000 1.000000 
0.999998 0.002174 0.000000 -0.000002 -0.002174 0.999998 0.000000 -0.002174 0.000000 0.000000 1.000000 0.001396 0.000000 0.000000 0.000000 1.000000 
0.999988 0.004893 0.000000 -0.000012 -0.004893 0.999988 0.000000 -0.004893 0.000000 0.000000 1.000000 0.003141 0.000000 0.000000 0.000000 1.000000 
0.999962 0.008697 0.000000 -0.000038 -0.008697 0.999962 0.000000 -0.008697 0.000000 0.000000 1.000000 0.005584 0.000000 0.000000 0.000000 1.000000 
0.999908 0.013584 0.000000 -0.000092 -0.013584 0.999908 0.000000 -0.013584 0.000000 0.000000 1.000000 0.008724 0.000000 0.000000 0.000000 1.000000 
0.999809 0.019544 0.000000 -0.000191 -0.019544 0.999809 0.000000 -0.019544 0.000000 0.000000 1.000000 0.012558 0.000000 0.000000 0.000000 1.000000 
0.999647 0.026556 0.000000 -0.000353 -0.026556 0.999647 0.000000 -0.026556 0.000000 0.000000 1.000000 0.017083 0.000000 0.000000 0.000000 1.000000 
0.999402 0.034588 0.000000 -0.000598 -0.034588 0.999402 0.000000 -0.034588 0.000000 0.000000 1.000000 0.022294 0.000000 0.000000 0.000000 1.000000 
0.999050 0.043587 0.000000 -0.000950 -0.043587 0.999050 0.000000 -0.043587 0.000000 0.000000 1.000000 0.028180 0.000000 0.000000 0.000000 1.000000 
0.998569 0.053475 0.000000 -0.001431 -0.053475 0.998569 0.000000 -0.053475 0.000000 0.000000 1.000000 0.034730 0.000000 0.000000 0.000000 1.000000 
0.997941 0.064146 0.000000 -0.002059 -0.064146 0.997941 0.000000 -0.064146 0.000000 0.000000 1.000000 0.041924 0.000000 0.000000 0.000000 1.000000 
0.997149 0.075453 0.000000 -0.002851 -0.075453 0.997149 0.000000 -0.075453 0.000000 0.000000 1.000000 0.049738 0.000000 0.000000 0.000000 1.000000 
0.996190 0.087208 0.000000 -0.003810 -0.087208 0.996190 0.000000 -0.087208 0.000000 0.000000 1.000000 0.058140 0.000000 0.000000 0.000000 1.000000 
0.995070 0.099174 0.000000 -0.004930 -0.099174 0.995070 0.000000 -0.099174 0.000000 0.000000 1.000000 0.067090 0.000000 0.000000 0.000000 1.000000 
0.993814 0.111060 0.000000 -0.006186 -0.111060 0.993814 0.000000 -0.111060 0.000000 0.000000 1.000000 0.076537 0.000000 0.000000 0.000000 1.000000 
0.992467 0.122516 0.000000 -0.007533 -0.122516 0.992467 0.000000 -0.122516 0.000000 0.000000 1.000000 0.086417 0.000000 0.000000 0.000000 1.000000 
0.991097 0.133138 0.000000 -0.008903 -0.133138 0.991097 0.000000 -0.133138 0.000000 0.000000 1.000000 0.096656 0.000000 0.000000 0.000000 1.000000 
0.989799 0.142470 0.000000 -0.010201 -0.142470 0.989799 0.000000 -0.142470 0.000000 0.000000 1.000000 0.107165 0.000000 0.000000 0.000000 1.000000 
0.988685 0.150008 0.000000 -0.011315 -0.150008 0.988685 0.000000 -0.150008 0.000000 0.000000 1.000000 0.117839 0.000000 0.000000 0.000000 1.000000 
0.987880 0.155221 0.000000 -0.012120 -0.155221 0.987880 0.000000 -0.155221 0.000000 0.000000 1.000000 0.128558 0.000000 0.000000 0.000000 1.000000 
0.987508 0.157568 0.000000 -0.012492 -0.157568 0.987508 0.000000 -0.157568 0.000000 0.000000 1.000000 0.139183 0.000000 0.000000 0.000000 1.000000 
0.987674 0.156524 0.000000 -0.012326 -0.156524 0.987674 0.000000 -0.156524 0.000000 0.000000 1.000000 0.149560 0.000000 0.000000 0.000000 1.000000 
0.988439 0.151617 0.000000 -0.011561 -0.151617 0.988439 0.000000 -0.151617 0.000000 0.000000 1.000000 0.159517 0.000000 0.000000 0.000000 1.000000 
0.989799 0.142470 0.000000 -0.010201 -0.142470 0.989799 0.000000 -0.142470 0.000000 0.000000 1.000000 0.168866 0.000000 0.000000 0.000000 1.000000 
0.991665 0.128839 0.000000 -0.008335 -0.128839 0.991665 0.000000 -0.128839 0.000000 0.000000 1.000000 0.177402 0.000000 0.000000 0.000000 1.000000 
0.993857 0.110668 0.000000 -0.006143 -0.110668 0.993857 0.000000 -0.110668 0.000000 0.000000 1.000000 0.184909 0.000000 0.000000 0.000000 1.000000 
0.996110 0.088122 0.000000 -0.003890 -0.088122 0.996110 0.000000 -0.088122 0.000000 0.000000 1.000000 0.191159 0.000000 0.000000 0.000000 1.000000 
0.998099 0.061633 0.000000 -0.001901 -0.061633 0.998099 0.000000 -0.061633 0.000000 0.000000 1.000000 0.195915 0.000000 0.000000 0.000000 1.000000 
0.999490 0.031919 0.000000 -0.000510 -0.031919 0.999490 0.000000 -0.031919 0.000000 0.000000 1.000000 0.198941 0.000000 0.000000 0.000000 1.000000 
1.000000 0.000000 0.000000 0.000000 0.000000 1.000000 0.000000 0.000000 0.000000 0.000000 1.000000 0.200000 0.000000 0.000000 0.000000 1.000000 
0.999495 -0.031761 0.000000 -0.000505 0.031761 0.999495 0.000000 0.031761 0.000000 0.000000 1.000000 0.198941 0.000000 0.000000 0.000000 1.000000 
0.998135 -0.061046 0.000000 -0.001865 0.061046 0.998135 0.000000 0.061046 0.000000 0.000000 1.000000 0.195915 0.000000 0.000000 0.000000 1.000000 
0.996215 -0.086927 0.000000 -0.003785 0.086927 0.996215 0.000000 0.086927 0.000000 0.000000 1.000000 0.191159 0.000000 0.000000 0.000000 1.000000 
0.994065 -0.108787 0.000000 -0.005935 0.108787 0.994065 0.000000 0.108787 0.000000 0.000000 1.000000 0.184909 0.000000 0.000000 0.000000 1.000000 
0.991993 -0.126295 0.000000 -0.008007 0.126295 0.991993 0.000000 0.126295 0.000000 0.000000 1.000000 0.177402 0.000000 0.000000 0.000000 1.000000 
0.990242 -0.139362 0.000000 -0.009758 0.139362 0.990242 0.000000 0.139362 0.000000 0.000000 1.000000 0.168866 0.000000 0.000000 0.000000 1.000000 
0.988972 -0.148100 0.000000 -0.011028 0.148100 0.988972 0.000000 0.148100 0.000000 0.000000 1.000000 0.159517 0.000000 0.000000 0.000000 1.000000 
0.988261 -0.152777 0.000000 -0.011739 0.152777 0.988261 0.000000 0.152777 0.000000 0.000000 1.000000 0.149560 0.000000 0.000000 0.000000 1.000000 
0.988106 -0.153771 0.000000 -0.011894 0.153771 0.988106 0.000000 0.153771 0.000000 0.000000 1.000000 0.139183 0.000000 0.000000 0.000000 1.000000 
0.988452 -0.151536 0.000000 -0.011548 0.151536 0.988452 0.000000 0.151536 0.000000 0.000000 1.000000 0.128558 0.000000 0.000000 0.000000 1.000000 
0.989201 -0.146565 0.000000 -0.010799 0.146565 0.989201 0.000000 0.146565 0.000000 0.000000 1.000000 0.117839 0.000000 0.000000 0.000000 1.000000 
0.990242 -0.139362 0.000000 -0.009758 0.139362 0.990242 0.000000 0.139362 0.000000 0.000000 1.000000 0.107165 0.000000 0.000000 0.000000 1.000000 
0.991459 -0.130422 0.000000 -0.008541 0.130422 0.991459 0.000000 0.130422 0.000000 0.000000 1.000000 0.096656 0.000000 0.000000 0.000000 1.000000 
0.992748 -0.120214 0.000000 -0.007252 0.120214 0.992748 0.000000 0.120214 0.000000 0.000000 1.000000 0.086417 0.000000 0.000000 0.000000 1.000000 
0.994024 -0.109166 0.000000 -0.005976 0.109166 0.994024 0.000000 0.109166 0.000000 0.000000 1.000000 0.076537 0.000000 0.000000 0.000000 1.000000 
0.995220 -0.097663 0.000000 -0.004780 0.097663 0.995220 0.000000 0.097663 0.000000 0.000000 1.000000 0.067090 0.000000 0.000000 0.000000 1.000000 
0.996292 -0.086038 0.000000 -0.003708 0.086038 0.996292 0.000000 0.086038 0.000000 0.000000 1.000000 0.058140 0.000000 0.000000 0.000000 1.000000 
0.997215 -0.074575 0.000000 -0.002785 0.074575 0.997215 0.000000 0.074575 0.000000 0.000000 1.000000 0.049738 0.000000 0.000000 0.000000 1.000000 
0.997981 -0.063511 0.000000 -0.002019 0.063511 0.997981 0.000000 0.063511 0.000000 0.000000 1.000000 0.041924 0.000000 0.000000 0.000000 1.000000 
0.998593 -0.053033 0.000000 -0.001407 0.053033 0.998593 0.000000 0.053033 0.000000 0.000000 1.000000 0.034730 0.000000 0.000000 0.000000 1.000000 
0.999062 -0.043293 0.000000 -0.000938 0.043293 0.999062 0.000000 0.043293 0.000000 0.000000 1.000000 0.028180 0.000000 0.000000 0.000000 1.000000 
0.999408 -0.034403 0.000000 -0.000592 0.034403 0.999408 0.000000 0.034403 0.000000 0.000000 1.000000 0.022294 0.000000 0.000000 0.000000 1.000000 
0.999650 -0.026447 0.000000 -0.000350 0.026447 0.999650 0.000000 0.026447 0.000000 0.000000 1.000000 0.017083 0.000000 0.000000 0.000000 1.000000 
0.999810 -0.019485 0.000000 -0.000190 0.019485 0.999810 0.000000 0.019485 0.000000 0.000000 1.000000 0.012558 0.000000 0.000000 0.000000 1.000000 
0.999908 -0.013556 0.000000 -0.000092 0.013556 0.999908 0.000000 0.013556 0.000000 0.000000 1.000000 0.008724 0.000000 0.000000 0.000000 1.000000 
0.999962 -0.008686 0.000000 -0.000038 0.008686 0.999962 0.000000 0.008686 0.000000 0.000000 1.000000 0.005584 0.000000 0.000000 0.000000 1.000000 
0.999988 -0.004889 0.000000 -0.000012 0.004889 0.999988 0.000000 0.004889 0.000000 0.000000 1.000000 0.003141 0.000000 0.000000 0.000000 1.000000 
0.999998 -0.002174 0.000000 -0.000002 0.002174 0.999998 0.000000 0.002174 0.000000 0.000000 1.000000 0.001396 0.000000 0.000000 0.000000 1.000000 
1.000000 -0.000543 0.000000 -0.000000 0.000543 1.000000 0.000000 0.000543 0.000000 0.000000 1.000000 0.000349 0.000000 0.000000 0.000000 1.000000 
1.000000 -0.000000 0.000000 -0.000000 0.000000 1.000000 0.000000 0.000000 0.000000 0.000000 1.000000 0.000000 0.000000 0.000000 0.000000 1.000000 