1.000000 0.000000 0.000000 0.000000 0.000000 1.000000 0.000000 0.000000 0.000000 0.000000 1.000000 0.000000 0.000000 0.000000 0.000000 1.000000 
0.998630 -0.052336 0.000000 0.000000 0.052336 0.998630 0.000000 0.000000 0.000000 0.000000 1.000000 0.000000 0.000000 0.000000 0.000000 1.000000 
0.994522 -0.104528 0.000000 0.000000 0.104528 0.994522 0.000000 0.000000 0.000000 0.000000 1.000000 0.000000 0.000000 0.000000 0.000000 1.000000 
0.987688 -0.156434 0.000000 0.000000 0.156434 0.987688 0.000000 0.000000 0.000000 0.000000 1.000000 0.000000 0.000000 0.000000 0.000000 1.000000 
0.978148 -0.207912 0.000000 0.000000 0.207912 0.978148 0.000000 0.000000 0.000000 0.000000 1.000000 0.000000 0.000000 0.000000 0.000000 1.000000 
0.965926 -0.258819 0.000000 0.000000 0.258819 0.965926 0.000000 0.000000 0.000000 0.000000 1.000000 0.000000 0.000000 0.000000 0.000000 1.000000 
0.951057 -0.309017 0.000000 0.000000 0.309017 0.951057 0.000000 0.000000 0.000000 0.000000 1.000000 0.000000 0.000000 0.000000 0.000000 1.000000 
0.933580 -0.358368 0.000000 0.000000 0.358368 0.933580 0.000000 0.000000 0.000000 0.000000 1.000000 0.000000 0.000000 0.000000 0.000000 1.000000 
0.913545 -0.406737 0.000000 0.000000 0.406737 0.913545 0.000000 0.000000 0.000000 0.000000 1.000000 0.000000 0.000000 0.000000 0.000000 1.000000 
0.891007 -0.453990 0.000000 0.000000 0.453990 0.891007 0.000000 0.000000 0.000000 0.000000 1.000000 0.000000 0.000000 0.000000 0.000000 1.000000 
0.866025 -0.500000 0.000000 0.000000 0.500000 0.866025 0.000000 0.000000 0.000000 0.000000 1.000000 0.000000 0.000000 0.000000 0.000000 1.000000 
0.838671 -0.544639 0.000000 0.000000 0.544639 0.838671 0.000000 0.000000 0.000000 0.000000 1.000000 0.000000 0.000000 0.000000 0.000000 1.000000 
0.809017 -0.587785 0.000000 0.000000 0.587785 0.809017 0.000000 0.000000 0.000000 0.000000 1.000000 0.000000 0.000000 0.000000 0.000000 1.000000 
0.777146 -0.629320 0.000000 0.000000 0.629320 0.777146 0.000000 0.000000 0.000000 0.000000 1.000000 0.000000 0.000000 0.000000 0.000000 1.000000 
0.743145 -0.669131 0.000000 0.000000 0.669131 0.743145 0.000000 0.000000 0.000000 0.000000 1.000000 0.000000 0.000000 0.000000 0.000000 1.000000 
0.707107 -0.707107 0.000000 0.000000 0.707107 0.707107 0.000000 0.000000 0.000000 0.000000 1.000000 0.000000 0.000000 0.000000 0.000000 1.000000 
0.669131 -0.743145 0.000000 0.000000 0.743145 0.669131 0.000000 0.000000 0.000000 0.000000 1.000000 0.000000 0.000000 0.000000 0.000000 1.000000 
0.629320 -0.777146 0.000000 0.000000 0.777146 0.629320 0.000000 0.000000 0.000000 0.000000 1.000000 0.000000 0.000000 0.000000 0.000000 1.000000 
0.587785 -0.809017 0.000000 0.000000 0.809017 0.587785 0.000000 0.000000 0.000000 0.000000 1.000000 0.000000 0.000000 0.000000 0.000000 1.000000 
0.544639 -0.838671 0.000000 0.000000 0.838671 0.544639 0.000000 0.000000 0.000000 0.000000 1.000000 0.000000 0.000000 0.000000 0.000000 1.000000 
0.500000 -0.866025 0.000000 0.000000 0.866025 0.500000 0.000000 0.000000 0.000000 0.000000 1.000000 0.000000 0.000000 0.000000 0.000000 1.000000 
0.453990 -0.891007 0.000000 0.000000 0.891007 0.453990 0.000000 0.000000 0.000000 0.000000 1.000000 0.000000 0.000000 0.000000 0.000000 1.000000 
0.406737 -0.913545 0.000000 0.000000 0.913545 0.406737 0.000000 0.000000 0.000000 0.000000 1.000000 0.000000 0.000000 0.000000 0.000000 1.000000 
0.358368 -0.933580 0.000000 0.000000 0.933580 0.358368 0.000000 0.000000 0.000000 0.000000 1.000000 0.000000 0.000000 0.000000 0.000000 1.000000 
0.309017 -0.951057 0.000000 0.000000 0.951057 0.309017 0.000000 0.000000 0.000000 0.000000 1.000000 0.000000 0.000000 0.000000 0.000000 1.000000 
0.258819 -0.965926 0.000000 0.000000 0.965926 0.258819 0.000000 0.000000 0.000000 0.000000 1.000000 0.000000 0.000000 0.000000 0.000000 1.000000 
0.207912 -0.978148 0.000000 0.000000 0.978148 0.207912 0.000000 0.000000 0.000000 0.000000 1.000000 0.000000 0.000000 0.000000 0.000000 1.000000 
0.156434 -0.987688 0.000000 0.000000 0.987688 0.156434 0.000000 0.000000 0.000000 0.000000 1.000000 0.000000 0.000000 0.000000 0.000000 1.000000 
0.104528 -0.994522 0.000000 0.000000 0.994522 0.104528 0.000000 0.000000 0.000000 0.000000 1.000000 0.000000 0.000000 0.000000 0.000000 1.000000 
0.052336 -0.998630 0.000000 0.000000 0.998630 0.052336 0.000000 0.000000 0.000000 0.000000 1.000000 0.000000 0.000000 0.000000 0.000000 1.000000 
0.000000 -1.000000 0.000000 0.000000 1.000000 0.000000 0.000000 0.000000 0.000000 0.000000 1.000000 0.000000 0.000000 0.000000 0.000000 1.000000 
-0.052336 -0.998630 0.000000 0.000000 0.998630 -0.052336 0.000000 0.000000 0.000000 0.000000 1.000000 0.000000 0.000000 0.000000 0.000000 1.000000 
-0.104528 -0.994522 0.000000 0.000000 0.994522 -0.104528 0.000000 0.000000 0.000000 0.000000 1.000000 0.000000 0.000000 0.000000 0.000000 1.000000 
-0.156434 -0.987688 0.000000 0.000000 0.987688 -0.156434 0.000000 0.000000 0.000000 0.000000 1.000000 0.000000 0.000000 0.000000 0.000000 1.000000 
-0.207912 -0.978148 0.000000 0.000000 0.978148 -0.207912 0.000000 0.000000 0.000000 0.000000 1.000000 0.000000 0.000000 0.000000 0.000000 1.000000 
-0.258819 -0.965926 0.000000 0.000000 0.965926 -0.258819 0.000000 0.000000 0.000000 0.000000 1.000000 0.000000 0.000000 0.000000 0.000000 1.000000 
-0.309017 -0.951057 0.000000 0.000000 0.951057 -0.309017 0.000000 0.000000 0.000000 0.000000 1.000000 0.000000 0.000000 0.000000 0.000000 1.000000 
-0.358368 -0.933580 0.000000 0.000000 0.933580 -0.358368 0.000000 0.000000 0.000000 0.000000 1.000000 0.000000 0.000000 0.000000 0.000000 1.000000 
-0.406737 -0.913545 0.000000 0.000000 0.913545 -0.406737 0.000000 0.000000 0.000000 0.000000 1.000000 0.000000 0.000000 0.000000 0.000000 1.000000 
-0.453990 -0.891007 0.000000 0.000000 0.891007 -0.453990 0.000000 0.000000 0.000000 0.000000 1.000000 0.000000 0.000000 0.000000 0.000000 1.000000 
-0.500000 -0.866025 0.000000 0.000000 0.866025 -0.500000 0.000000 0.000000 0.000000 0.000000 1.000000 0.000000 0.000000 0.000000 0.000000 1.000000 
-0.544639 -0.838671 0.000000 0.000000 0.838671 -0.544639 0.000000 0.000000 0.000000 0.000000 1.000000 0.000000 0.000000 0.000000 0.000000 1.000000 
-0.587785 -0.809017 0.000000 0.000000 0.809017 -0.587785 0.000000 0.000000 0.000000 0.000000 1.000000 0.000000 0.000000 0.000000 0.000000 1.000000 
-0.629320 -0.777146 0.000000 0.000000 0.777146 -0.629320 0.000000 0.000000 0.000000 0.000000 1.000000 0.000000 0.000000 0.000000 0.000000 1.000000 
-0.669131 -0.743145 0.000000 0.000000 0.743145 -0.669131 0.000000 0.000000 0.000000 0.000000 1.000000 0.000000 0.000000 0.000000 0.000000 1.000000 
-0.707107 -0.707107 0.000000 0.000000 0.707107 -0.707107 0.000000 0.000000 0.000000 0.000000 1.000000 0.000000 0.000000 0.000000 0.000000 1.000000 
-0.743145 -0.669131 0.000000 0.000000 0.669131 -0.743145 0.000000 0.000000 0.000000 0.000000 1.000000 0.000000 0.000000 0.000000 0.000000 1.000000 
-0.777146 -0.629320 0.000000 0.000000 0.629320 -0.777146 0.000000 0.000000 0.000000 0.000000 1.000000 0.000000 0.000000 0.000000 0.000000 1.000000 
-0.809017 -0.587785 0.000000 0.000000 0.587785 -0.809017 0.000000 0.000000 0.000000 0.000000 1.000000 0.000000 0.000000 0.000000 0.000000 1.000000 
-0.838671 -0.544639 0.000000 0.000000 0.544639 -0.838671 0.000000 0.000000 0.000000 0.000000 1.000000 0.000000 0.000000 0.000000 0.000000 1.000000 
-0.866025 -0.500000 0.000000 0.000000 0.500000 -0.866025 0.000000 0.000000 0.000000 0.000000 1.000000 0.000000 0.000000 0.000000 0.000000 1.000000 
-0.891007 -0.453990 0.000000 0.000000 0.453990 -0.891007 0.000000 0.000000 0.000000 0.000000 1.000000 0.000000 0.000000 0.000000 0.000000 1.000000 
-0.913545 -0.406737 0.000000 0.000000 0.406737 -0.913545 0.000000 0.000000 0.000000 0.000000 1.000000 0.000000 0.000000 0.000000 0.000000 1.000000 
-0.933580 -0.358368 0.000000 0.000000 0.358368 -0.933580 0.000000 0.000000 0.000000 0.000000 1.000000 0.000000 0.000000 0.000000 0.000000 1.000000 
-0.951057 -0.309017 0.000000 0.000000 0.309017 -0.951057 0.000000 0.000000 0.000000 0.000000 1.000000 0.000000 0.000000 0.000000 0.000000 1.000000 
-0.965926 -0.258819 0.000000 0.000000 0.258819 -0.965926 0.000000 0.000000 0.000000 0.000000 1.000000 0.000000 0.000000 0.000000 0.000000 1.000000 
-0.978148 -0.207912 0.000000 0.000000 0.207912 -0.978148 0.000000 0.000000 0.000000 0.000000 1.000000 0.000000 0.000000 0.000000 0.000000 1.000000 
-0.987688 -0.156434 0.000000 0.000000 0.156434 -0.987688 0.000000 0.000000 0.000000 0.000000 1.000000 0.000000 0.000000 0.000000 0.000000 1.000000 
-0.994522 -0.104528 0.000000 0.000000 0.104528 -0.994522 0.000000 0.000000 0.000000 0.000000 1.000000 0.000000 0.000000 0.000000 0.000000 1.000000 
-0.998630 -0.052336 0.000000 0.000000 0.052336 -0.998630 0.000000 0.000000 0.000000 0.000000 1.000000 0.000000 0.000000 0.000000 0.000000 1.000000 
-1.000000 0.000000 0.000000 0.000000 0.000000 -1.000000 0.000000 0.000000 0.000000 0.000000 1.000000 0.000000 0.000000 0.000000 0.000000 1.000000 
-0.998630 0.052336 0.000000 0.000000 -0.052336 -0.998630 0.000000 0.000000 0.000000 0.000000 1.000000 0.000000 0.000000 0.000000 0.000000 1.000000 
-0.994522 0.104528 0.000000 0.000000 -0.104528 -0.994522 0.000000 0.000000 0.000000 0.000000 1.000000 0.000000 0.000000 0.000000 0.000000 1.000000 
-0.987688 0.156434 0.000000 0.000000 -0.156434 -0.987688 0.000000 0.000000 0.000000 0.000000 1.000000 0.000000 0.000000 0.000000 0.000000 1.000000 
-0.978148 0.207912 0.000000 0.000000 -0.207912 -0.978148 0.000000 0.000000 0.000000 0.000000 1.000000 0.000000 0.000000 0.000000 0.000000 1.000000 
-0.965926 0.258819 0.000000 0.000000 -0.258819 -0.965926 0.000000 0.000000 0.000000 0.000000 1.000000 0.000000 0.000000 0.000000 0.000000 1.000000 
-0.951057 0.309017 0.000000 0.000000 -0.309017 -0.951057 0.000000 0.000000 0.000000 0.000000 1.000000 0.000000 0.000000 0.000000 0.000000 1.000000 
-0.933580 0.358368 0.000000 0.000000 -0.358368 -0.933580 0.000000 0.000000 0.000000 0.000000 1.000000 0.000000 0.000000 0.000000 0.000000 1.000000 
-0.913545 0.406737 0.000000 0.000000 -0.406737 -0.913545 0.000000 0.000000 0.000000 0.000000 1.000000 0.000000 0.000000 0.000000 0.000000 1.000000 
-0.891007 0.453990 0.000000 0.000000 -0.453990 -0.891007 0.000000 0.000000 0.000000 0.000000 1.000000 0.000000 0.000000 0.000000 0.000000 1.000000 
-0.866025 0.500000 0.000000 0.000000 -0.500000 -0.866025 0.000000 0.000000 0.000000 0.000000 1.000000 0.000000 0.000000 0.000000 0.000000 1.000000 
-0.838671 0.544639 0.000000 0.000000 -0.544639 -0.838671 0.000000 0.000000 0.000000 0.000000 1.000000 0.000000 0.000000 0.000000 0.000000 1.000000 
-0.809017 0.587785 0.000000 0.000000 -0.587785 -0.809017 0.000000 0.000000 0.000000 0.000000 1.000000 0.000000 0.000000 0.000000 0.000000 1.000000 
-0.777146 0.629320 0.000000 0.000000 -0.629320 -0.777146 0.000000 0.000000 0.000000 0.000000 1.000000 0.000000 0.000000 0.000000 0.000000 1.000000 
-0.743145 0.669131 0.000000 0.000000 -0.669131 -0.743145 0.000000 0.000000 0.000000 0.000000 1.000000 0.000000 0.000000 0.000000 0.000000 1.000000 
-0.707107 0.707107 0.000000 0.000000 -0.707107 -0.707107 0.000000 0.000000 0.000000 0.000000 1.000000 0.000000 0.000000 0.000000 0.000000 1.000000 
-0.669131 0.743145 0.000000 0.000000 -0.743145 -0.669131 0.000000 0.000000 0.000000 0.000000 1.000000 0.000000 0.000000 0.000000 0.000000 1.000000 
-0.629320 0.777146 0.000000 0.000000 -0.777146 -0.629320 0.000000 0.000000 0.000000 0.000000 1.000000 0.000000 0.000000 0.000000 0.000000 1.000000 
-0.587785 0.809017 0.000000 0.000000 -0.809017 -0.587785 0.000000 0.000000 0.000000 0.000000 1.000000 0.000000 0.000000 0.000000 0.000000 1.000000 
-0.544639 0.838671 0.000000 0.000000 -0.838671 -0.544639 0.000000 0.000000 0.000000 0.000000 1.000000 0.000000 0.000000 0.000000 0.000000 1.000000 
-0.500000 0.866025 0.000000 0.000000 -0.866025 -0.500000 0.000000 0.000000 0.000000 0.000000 1.000000 0.000000 0.000000 0.000000 0.000000 1.000000 
-0.453990 0.891007 0.000000 0.000000 -0.891007 -0.453990 0.000000 0.000000 0.000000 0.000000 1.000000 0.000000 0.000000 0.000000 0.000000 1.000000 
-0.406737 0.913545 0.000000 0.000000 -0.913545 -0.406737 0.000000 0.000000 0.000000 0.000000 1.000000 0.000000 0.000000 0.000000 0.000000 1.000000 
-0.358368 0.933580 0.000000 0.000000 -0.933580 -0.358368 0.000000 0.000000 0.000000 0.000000 1.000000 0.000000 0.000000 0.000000 0.000000 1.000000 
-0.309017 0.951057 0.000000 0.000000 -0.951057 -0.309017 0.000000 0.000000 0.000000 0.000000 1.000000 0.000000 0.000000 0.000000 0.000000 1.000000 
-0.258819 0.965926 0.000000 0.000000 -0.965926 -0.258819 0.000000 0.000000 0.000000 0.000000 1.000000 0.000000 0.000000 0.000000 0.000000 1.000000 
-0.207912 0.978148 0.000000 0.000000 -0.978148 -0.207912 0.000000 0.000000 0.000000 0.000000 1.000000 0.000000 0.000000 0.000000 0.000000 1.000000 
-0.156434 0.987688 0.000000 0.000000 -0.987688 -0.156434 0.000000 0.000000 0.000000 0.000000 1.000000 0.000000 0.000000 0.000000 0.000000 1.000000 
-0.104528 0.994522 0.000000 0.000000 -0.994522 -0.104528 0.000000 0.000000 0.000000 0.000000 1.000000 0.000000 0.000000 0.000000 0.000000 1.000000 
-0.052336 0.998630 0.000000 0.000000 -0.998630 -0.052336 0.000000 0.000000 0.000000 0.000000 1.000000 0.000000 0.000000 0.000000 0.000000 1.000000 
0.000000 1.000000 0.000000 0.000000 -1.000000 0.000000 0.000000 0.000000 0.000000 0.000000 1.000000 0.000000 0.000000 0.000000 0.000000 1.000000 
0.052336 0.998630 0.000000 0.000000 -0.998630 0.052336 0.000000 0.000000 0.000000 0.000000 1.000000 0.000000 0.000000 0.000000 0.000000 1.000000 
0.104528 0.994522 0.000000 0.000000 -0.994522 0.104528 0.000000 0.000000 0.000000 0.000000 1.000000 0.000000 0.000000 0.000000 0.000000 1.000000 
0.156434 0.987688 0.000000 0.000000 -0.987688 0.156434 0.000000 0.000000 0.000000 0.000000 1.000000 0.000000 0.000000 0.000000 0.000000 1.000000 
0.207912 0.978148 0.000000 0.000000 -0.978148 0.207912 0.000000 0.000000 0.000000 0.000000 1.000000 0.000000 0.000000 0.000000 0.000000 1.000000 
0.258819 0.965926 0.000000 0.000000 -0.965926 0.258819 0.000000 0.000000 0.000000 0.000000 1.000000 0.000000 0.000000 0.000000 0.000000 1.000000 
0.309017 0.951057 0.000000 0.000000 -0.951057 0.309017 0.000000 0.000000 0.000000 0.000000 1.000000 0.000000 0.000000 0.000000 0.000000 1.000000 
0.358368 0.933580 0.000000 0.000000 -0.933580 0.358368 0.000000 0.000000 0.000000 0.000000 1.000000 0.000000 0.000000 0.000000 0.000000 1.000000 
0.406737 0.913545 0.000000 0.000000 -0.913545 0.406737 0.000000 0.000000 0.000000 0.000000 1.000000 0.000000 0.000000 0.000000 0.000000 1.000000 
0.453990 0.891007 0.000000 0.000000 -0.891007 0.453990 0.000000 0.000000 0.000000 0.000000 1.000000 0.000000 0.000000 0.000000 0.000000 1.000000 
0.500000 0.866025 0.000000 0.000000 -0.866025 0.500000 0.000000 0.000000 0.000000 0.000000 1.000000 0.000000 0.000000 0.000000 0.000000 1.000000 
0.544639 0.838671 0.000000 0.000000 -0.838671 0.544639 0.000000 0.000000 0.000000 0.000000 1.000000 0.000000 0.000000 0.000000 0.000000 1.000000 
0.587785 0.809017 0.000000 0.000000 -0.809017 0.587785 0.000000 0.000000 0.000000 0.000000 1.000000 0.000000 0.000000 0.000000 0.000000 1.000000 
0.629320 0.777146 0.000000 0.000000 -0.777146 0.629320 0.000000 0.000000 0.000000 0.000000 1.000000 0.000000 0.000000 0.000000 0.000000 1.000000 
0.669131 0.743145 0.000000 0.000000 -0.743145 0.669131 0.000000 0.000000 0.000000 0.000000 1.000000 0.000000 0.000000 0.000000 0.000000 1.000000 
0.707107 0.707107 0.000000 0.000000 -0.707107 0.707107 0.000000 0.000000 0.000000 0.000000 1.000000 0.000000 0.000000 0.000000 0.000000 1.000000 
0.743145 0.669131 0.000000 0.000000 -0.669131 0.743145 0.000000 0.000000 0.000000 0.000000 1.000000 0.000000 0.000000 0.000000 0.000000 1.000000 
0.777146 0.629320 0.000000 0.000000 -0.629320 0.777146 0.000000 0.000000 0.000000 0.000000 1.000000 0.000000 0.000000 0.000000 0.000000 1.000000 
0.809017 0.587785 0.000000 0.000000 -0.587785 0.809017 0.000000 0.000000 0.000000 0.000000 1.000000 0.000000 0.000000 0.000000 0.000000 1.000000 
0.838671 0.544639 0.000000 0.000000 -0.544639 0.838671 0.000000 0.000000 0.000000 0.000000 1.000000 0.000000 0.000000 0.000000 0.000000 1.000000 
0.866025 0.500000 0.000000 0.000000 -0.500000 0.866025 0.000000 0.000000 0.000000 0.000000 1.000000 0.000000 0.000000 0.000000 0.000000 1.000000 
0.891007 0.453990 0.000000 0.000000 -0.453990 0.891007 0.000000 0.000000 0.000000 0.000000 1.000000 0.000000 0.000000 0.000000 0.000000 1.000000 
0.913545 0.406737 0.000000 0.000000 -0.406737 0.913545 0.000000 0.000000 0.000000 0.000000 1.000000 0.000000 0.000000 0.000000 0.000000 1.000000 
0.933580 0.358368 0.000000 0.000000 -0.358368 0.933580 0.000000 0.000000 0.000000 0.000000 1.000000 0.000000 0.000000 0.000000 0.000000 1.000000 
0.951057 0.309017 0.000000 0.000000 -0.309017 0.951057 0.000000 0.000000 0.000000 0.000000 1.000000 0.000000 0.000000 0.000000 0.000000 1.000000 
0.965926 0.258819 0.000000 0.000000 -0.258819 0.965926 0.000000 0.000000 0.000000 0.000000 1.000000 0.000000 0.000000 0.000000 0.000000 1.000000 
0.978148 0.207912 0.000000 0.000000 -0.207912 0.978148 0.000000 0.000000 0.000000 0.000000 1.000000 0.000000 0.000000 0.000000 0.000000 1.000000 
0.987688 0.156434 0.000000 0.000000 -0.156434 0.987688 0.000000 0.000000 0.000000 0.000000 1.000000 0.000000 0.000000 0.000000 0.000000 1.000000 
0.994522 0.104528 0.000000 0.000000 -0.104528 0.994522 0.000000 0.000000 0.000000 0.000000 1.000000 0.000000 0.000000 0.000000 0.000000 1.000000 
0.998630 0.052336 0.000000 0.000000 -0.052336 0.998630 0.000000 0.000000 0.000000 0.000000 1.000000 0.000000 0.000000 0.000000 0.000000 1.000000 
1.000000 0.000000 0.000000 0.000000 0.000000 1.000000 0.000000 0.000000 0.000000 0.000000 1.000000 0.000000 0.000000 0.000000 0.000000 1.000000 
