1.000000 0.000000 0.000000 0.000000 0.000000 1.000000 0.000000 0.000000 0.000000 0.000000 1.000000 0.000000 0.000000 0.000000 0.000000 1.000000 
0.999881 -0.015397 0.000052 0.002401 0.015397 0.999882 0.000004 0.016766 -0.000051 -0.000004 1.000001 -0.000056 0.000000 0.000000 0.000000 1.000000 
0.999604 -0.026461 -0.009533 0.003919 0.026453 0.999650 -0.000940 0.028829 0.009554 0.000688 0.999954 0.010279 0.000000 0.000000 0.000000 1.000000 
0.999085 -0.035028 -0.024532 0.004763 0.034975 0.999385 -0.002631 0.038140 0.024609 0.001771 0.999696 0.026475 0.000000 0.000000 0.000000 1.000000 
0.998253 -0.043878 -0.039581 0.005312 0.043730 0.999032 -0.004599 0.047721 0.039745 0.002860 0.999206 0.042758 0.000000 0.000000 0.000000 1.000000 
0.997143 -0.054134 -0.052679 0.005791 0.053858 0.998526 -0.006668 0.058820 0.052962 0.003811 0.998589 0.056978 0.000000 0.000000 0.000000 1.000000 
0.995799 -0.066057 -0.063404 0.006289 0.065631 0.997805 -0.008793 0.071743 0.063846 0.004594 0.997949 0.068687 0.000000 0.000000 0.000000 1.000000 
0.994226 -0.079557 -0.072011 0.006798 0.078970 0.996817 -0.010978 0.086414 0.072655 0.005228 0.997344 0.078163 0.000000 0.000000 0.000000 1.000000 
0.992391 -0.094426 -0.079010 0.007246 0.093669 0.995516 -0.013252 0.102616 0.079907 0.005750 0.996786 0.085966 0.000000 0.000000 0.000000 1.000000 
0.990245 -0.110430 -0.084977 0.007542 0.109491 0.993865 -0.015660 0.120095 0.086186 0.006202 0.996260 0.092720 0.000000 0.000000 0.000000 1.000000 
0.987722 -0.127321 -0.090521 0.007575 0.126178 0.991839 -0.018274 0.138578 0.092110 0.006628 0.995727 0.099093 0.000000 0.000000 0.000000 1.000000 
0.984759 -0.144848 -0.096268 0.007234 0.143462 0.989429 -0.021209 0.157772 0.098322 0.007075 0.995130 0.105776 0.000000 0.000000 0.000000 1.000000 
0.981292 -0.162757 -0.102842 0.006406 0.161063 0.986637 -0.024615 0.177377 0.105475 0.007590 0.994393 0.113472 0.000000 0.000000 0.000000 1.000000 
0.977252 -0.180796 -0.110867 0.004977 0.178695 0.983486 -0.028683 0.197072 0.114223 0.008219 0.993421 0.122883 0.000000 0.000000 0.000000 1.000000 
0.972565 -0.198719 -0.120942 0.002827 0.196058 0.980016 -0.033644 0.216526 0.125210 0.009010 0.992090 0.134703 0.000000 0.000000 0.000000 1.000000 
0.967151 -0.216259 -0.133614 -0.000180 0.212811 0.976285 -0.039746 0.235361 0.139041 0.010005 0.990237 0.149583 0.000000 0.000000 0.000000 1.000000 
0.960951 -0.233012 -0.149262 -0.004169 0.228463 0.972409 -0.047179 0.253022 0.156138 0.011236 0.987672 0.167976 0.000000 0.000000 0.000000 1.000000 
0.954028 -0.248297 -0.167866 -0.009186 0.242248 0.968601 -0.055936 0.268641 0.176483 0.012700 0.984222 0.189864 0.000000 0.000000 0.000000 1.000000 
0.946988 -0.260378 -0.188195 -0.014857 0.252469 0.965401 -0.065270 0.280285 0.198679 0.014297 0.979961 0.213743 0.000000 0.000000 0.000000 1.000000 
0.940689 -0.267764 -0.208344 -0.020495 0.257833 0.963354 -0.073973 0.286456 0.220516 0.015868 0.975255 0.237236 0.000000 0.000000 0.000000 1.000000 
0.935124 -0.271630 -0.227505 -0.025911 0.259627 0.962245 -0.081719 0.288588 0.241113 0.017350 0.970343 0.259395 0.000000 0.000000 0.000000 1.000000 
0.930052 -0.273050 -0.245859 -0.031194 0.258950 0.961817 -0.088622 0.287922 0.260669 0.018758 0.965246 0.280433 0.000000 0.000000 0.000000 1.000000 
0.925204 -0.272611 -0.263973 -0.036540 0.256350 0.961914 -0.094902 0.285079 0.279791 0.020134 0.959850 0.301004 0.000000 0.000000 0.000000 1.000000 
0.920272 -0.270634 -0.282590 -0.042230 0.252081 0.962442 -0.100808 0.280349 0.299259 0.021535 0.953929 0.321948 0.000000 0.000000 0.000000 1.000000 
0.914784 -0.267360 -0.302802 -0.048736 0.246229 0.963322 -0.106694 0.273839 0.320221 0.023043 0.947063 0.344500 0.000000 0.000000 0.000000 1.000000 
0.908104 -0.263646 -0.325327 -0.056613 0.239476 0.964303 -0.113013 0.266333 0.343510 0.024719 0.938824 0.369555 0.000000 0.000000 0.000000 1.000000 
0.899917 -0.261895 -0.348655 -0.065804 0.234208 0.964734 -0.120152 0.260532 0.367826 0.026469 0.929518 0.395714 0.000000 0.000000 0.000000 1.000000 
0.890788 -0.264243 -0.369692 -0.075348 0.232795 0.964047 -0.128140 0.259108 0.390262 0.028083 0.920276 0.419851 0.000000 0.000000 0.000000 1.000000 
0.881388 -0.271076 -0.386874 -0.084448 0.235803 0.962107 -0.136921 0.262699 0.409331 0.029455 0.911911 0.440365 0.000000 0.000000 0.000000 1.000000 
0.872120 -0.281519 -0.400193 -0.092812 0.242444 0.959068 -0.146319 0.270422 0.425003 0.030583 0.904675 0.457226 0.000000 0.000000 0.000000 1.000000 
0.863180 -0.294301 -0.410252 -0.100434 0.251513 0.955194 -0.156036 0.280922 0.437791 0.031503 0.898524 0.470984 0.000000 0.000000 0.000000 1.000000 
0.854669 -0.308126 -0.417850 -0.107419 0.261759 0.950799 -0.165724 0.292789 0.448356 0.032264 0.893274 0.482350 0.000000 0.000000 0.000000 1.000000 
0.846654 -0.321786 -0.423829 -0.113891 0.272012 0.946240 -0.175041 0.304690 0.457370 0.032912 0.888667 0.492047 0.000000 0.000000 0.000000 1.000000 
0.839191 -0.334198 -0.429033 -0.119967 0.281200 0.941908 -0.183678 0.315394 0.465494 0.033497 0.884418 0.500787 0.000000 0.000000 0.000000 1.000000 
0.832337 -0.344393 -0.434291 -0.125747 0.288345 0.938207 -0.191375 0.323775 0.473362 0.034063 0.880209 0.509253 0.000000 0.000000 0.000000 1.000000 
0.826130 -0.351507 -0.440400 -0.131328 0.292559 0.935543 -0.197908 0.328796 0.481579 0.034654 0.875717 0.518092 0.000000 0.000000 0.000000 1.000000 
0.820578 -0.354790 -0.448078 -0.136827 0.293070 0.934279 -0.203061 0.329560 0.490675 0.035309 0.870628 0.527878 0.000000 0.000000 0.000000 1.000000 
0.815635 -0.353708 -0.457854 -0.142381 0.289338 0.934661 -0.206621 0.325438 0.501022 0.036053 0.864684 0.539009 0.000000 0.000000 0.000000 1.000000 
0.811198 -0.348228 -0.469781 -0.148107 0.281389 0.936684 -0.208432 0.316459 0.512618 0.036888 0.857825 0.551485 0.000000 0.000000 0.000000 1.000000 
0.807179 -0.339396 -0.482982 -0.153931 0.270395 0.939886 -0.208573 0.303975 0.524737 0.037760 0.850427 0.564522 0.000000 0.000000 0.000000 1.000000 
0.803563 -0.328606 -0.496291 -0.159637 0.257870 0.943678 -0.207304 0.289730 0.536460 0.038604 0.843043 0.577133 0.000000 0.000000 0.000000 1.000000 
0.800368 -0.316618 -0.509080 -0.165083 0.244642 0.947735 -0.204815 0.274675 0.547322 0.039385 0.835996 0.588819 0.000000 0.000000 0.000000 1.000000 
0.797616 -0.303743 -0.521103 -0.170193 0.231043 0.951910 -0.201213 0.259199 0.557160 0.040093 0.829437 0.599403 0.000000 0.000000 0.000000 1.000000 
0.795325 -0.290102 -0.532260 -0.174928 0.217207 0.956129 -0.196567 0.243456 0.565933 0.040724 0.823445 0.608841 0.000000 0.000000 0.000000 1.000000 
0.793507 -0.275762 -0.542496 -0.179262 0.203200 0.960340 -0.190941 0.227529 0.573634 0.041279 0.818071 0.617126 0.000000 0.000000 0.000000 1.000000 
0.792182 -0.260782 -0.551762 -0.183166 0.189071 0.964494 -0.184399 0.211479 0.580260 0.041755 0.813362 0.624254 0.000000 0.000000 0.000000 1.000000 
0.791362 -0.245223 -0.560010 -0.186614 0.174866 0.968550 -0.177013 0.195362 0.585805 0.042154 0.809355 0.630220 0.000000 0.000000 0.000000 1.000000 
0.791067 -0.229152 -0.567188 -0.189578 0.160626 0.972464 -0.168862 0.179231 0.590265 0.042475 0.806092 0.635018 0.000000 0.000000 0.000000 1.000000 
0.791313 -0.212640 -0.573243 -0.192024 0.146392 0.976196 -0.160032 0.163135 0.593628 0.042717 0.803606 0.638635 0.000000 0.000000 0.000000 1.000000 
0.792117 -0.195764 -0.578123 -0.193924 0.132200 0.979713 -0.150618 0.147121 0.595881 0.042880 0.801928 0.641059 0.000000 0.000000 0.000000 1.000000 
0.793497 -0.178618 -0.581772 -0.195241 0.118095 0.982980 -0.140726 0.131243 0.597007 0.042961 0.801086 0.642271 0.000000 0.000000 0.000000 1.000000 
0.795467 -0.161317 -0.584130 -0.195943 0.104138 0.985967 -0.130475 0.115572 0.596981 0.042959 0.801104 0.642244 0.000000 0.000000 0.000000 1.000000 
0.798044 -0.144137 -0.585108 -0.195965 0.090517 0.988629 -0.120085 0.100319 0.595762 0.042871 0.802016 0.640932 0.000000 0.000000 0.000000 1.000000 
0.801252 -0.127655 -0.584551 -0.195184 0.077664 0.990900 -0.109940 0.085966 0.593266 0.042691 0.803874 0.638246 0.000000 0.000000 0.000000 1.000000 
0.805165 -0.113079 -0.582171 -0.193325 0.066544 0.992681 -0.100783 0.073579 0.589307 0.042406 0.806797 0.633987 0.000000 0.000000 0.000000 1.000000 
0.809933 -0.103575 -0.577305 -0.189700 0.059766 0.993736 -0.094439 0.066033 0.583470 0.041986 0.811050 0.627708 0.000000 0.000000 0.000000 1.000000 
0.815957 -0.100677 -0.569279 -0.183625 0.058695 0.994058 -0.091672 0.064816 0.575126 0.041386 0.817018 0.618732 0.000000 0.000000 0.000000 1.000000 
0.823712 -0.102447 -0.557676 -0.174899 0.061905 0.993912 -0.091150 0.068331 0.563619 0.040558 0.825040 0.606352 0.000000 0.000000 0.000000 1.000000 
0.833007 -0.107151 -0.542786 -0.164016 0.068010 0.993457 -0.091746 0.075045 0.549066 0.039511 0.834845 0.590696 0.000000 0.000000 0.000000 1.000000 
0.843331 -0.113542 -0.525262 -0.151736 0.075935 0.992795 -0.092690 0.083774 0.532002 0.038283 0.845877 0.572338 0.000000 0.000000 0.000000 1.000000 
0.854074 -0.120743 -0.505942 -0.138868 0.084852 0.991996 -0.093503 0.093604 0.513183 0.036929 0.857486 0.552092 0.000000 0.000000 0.000000 1.000000 
0.864668 -0.128068 -0.485746 -0.126142 0.094049 0.991130 -0.093901 0.103749 0.493463 0.035510 0.869042 0.530877 0.000000 0.000000 0.000000 1.000000 
0.874636 -0.134903 -0.465632 -0.114177 0.102842 0.990272 -0.093727 0.113454 0.473747 0.034091 0.880001 0.509666 0.000000 0.000000 0.000000 1.000000 
0.883621 -0.140671 -0.446571 -0.103456 0.110565 0.989515 -0.092928 0.121979 0.454962 0.032739 0.889909 0.489457 0.000000 0.000000 0.000000 1.000000 
0.891367 -0.144824 -0.429525 -0.094349 0.116572 0.988955 -0.091536 0.128604 0.438037 0.031521 0.898404 0.471249 0.000000 0.000000 0.000000 1.000000 
0.897698 -0.146838 -0.415424 -0.087131 0.120247 0.988690 -0.089625 0.132645 0.423885 0.030503 0.905203 0.456024 0.000000 0.000000 0.000000 1.000000 
0.902482 -0.146215 -0.405152 -0.082030 0.121015 0.988806 -0.087288 0.133461 0.413379 0.029747 0.910073 0.444721 0.000000 0.000000 0.000000 1.000000 
0.905585 -0.142508 -0.399509 -0.079266 0.118374 0.989360 -0.084589 0.130498 0.407313 0.029310 0.912819 0.438195 0.000000 0.000000 0.000000 1.000000 
0.906867 -0.135505 -0.399037 -0.079022 0.112093 0.990345 -0.081557 0.123504 0.406236 0.029233 0.913301 0.437036 0.000000 0.000000 0.000000 1.000000 
0.906203 -0.125394 -0.403822 -0.081406 0.102374 0.991668 -0.078198 0.112716 0.410262 0.029522 0.911490 0.441369 0.000000 0.000000 0.000000 1.000000 
0.903636 -0.113141 -0.413087 -0.086212 0.090245 0.993122 -0.074596 0.099285 0.418686 0.030129 0.907632 0.450431 0.000000 0.000000 0.000000 1.000000 
0.900006 -0.101736 -0.423839 -0.092035 0.078785 0.994333 -0.071379 0.086621 0.428699 0.030849 0.902921 0.461202 0.000000 0.000000 0.000000 1.000000 
0.896177 -0.092434 -0.433961 -0.097729 0.069349 0.995220 -0.068770 0.076212 0.438244 0.031536 0.898303 0.471471 0.000000 0.000000 0.000000 1.000000 
0.892194 -0.082547 -0.444044 -0.103685 0.059458 0.996066 -0.065703 0.065315 0.447721 0.032218 0.893594 0.481666 0.000000 0.000000 0.000000 1.000000 
0.887983 -0.070653 -0.454415 -0.110221 0.047831 0.996958 -0.061542 0.052523 0.457381 0.032913 0.888663 0.492059 0.000000 0.000000 0.000000 1.000000 
0.883477 -0.056342 -0.465075 -0.117475 0.034142 0.997845 -0.056029 0.037489 0.467231 0.033622 0.883497 0.502655 0.000000 0.000000 0.000000 1.000000 
0.878639 -0.039748 -0.475828 -0.125464 0.018569 0.998620 -0.049133 0.020423 0.477125 0.034334 0.878166 0.513300 0.000000 0.000000 0.000000 1.000000 
0.873487 -0.021229 -0.486384 -0.134113 0.001489 0.999160 -0.040937 0.001757 0.486844 0.035033 0.872786 0.523757 0.000000 0.000000 0.000000 1.000000 
0.868082 -0.001242 -0.496421 -0.143278 -0.016645 0.999362 -0.031609 -0.018000 0.496143 0.035702 0.867507 0.533760 0.000000 0.000000 0.000000 1.000000 
0.862527 0.019727 -0.505626 -0.152765 -0.035380 0.999146 -0.021373 -0.038341 0.504773 0.036323 0.862488 0.543045 0.000000 0.000000 0.000000 1.000000 
0.856975 0.041166 -0.513712 -0.162329 -0.054261 0.998471 -0.010508 -0.058766 0.512495 0.036879 0.857898 0.551351 0.000000 0.000000 0.000000 1.000000 
0.851619 0.062543 -0.520416 -0.171668 -0.072845 0.997343 0.000654 -0.078793 0.519074 0.037353 0.853913 0.558430 0.000000 0.000000 0.000000 1.000000 
0.846700 0.083309 -0.525508 -0.180431 -0.090697 0.995810 0.011733 -0.097958 0.524283 0.037727 0.850708 0.564033 0.000000 0.000000 0.000000 1.000000 
0.842489 0.102905 -0.528794 -0.188233 -0.107397 0.993965 0.022319 -0.115819 0.527899 0.037988 0.848458 0.567924 0.000000 0.000000 0.000000 1.000000 
0.839300 0.120750 -0.530091 -0.194634 -0.122521 0.991951 0.031969 -0.131937 0.529684 0.038116 0.847339 0.569844 0.000000 0.000000 0.000000 1.000000 
0.837498 0.136216 -0.529190 -0.199137 -0.135608 0.989946 0.040204 -0.145841 0.529346 0.038092 0.847551 0.569481 0.000000 0.000000 0.000000 1.000000 
0.837499 0.148640 -0.525835 -0.201179 -0.146164 0.988166 0.046531 -0.157030 0.526528 0.037889 0.849313 0.566449 0.000000 0.000000 0.000000 1.000000 
0.839826 0.157226 -0.519589 -0.200058 -0.153570 0.986852 0.050397 -0.164870 0.520680 0.037468 0.852929 0.560158 0.000000 0.000000 0.000000 1.000000 
0.845207 0.160932 -0.509633 -0.194814 -0.156954 0.986281 0.051144 -0.168456 0.510872 0.036762 0.858871 0.549606 0.000000 0.000000 0.000000 1.000000 
0.853257 0.160208 -0.496273 -0.185941 -0.156627 0.986434 0.049148 -0.168126 0.497414 0.035794 0.866775 0.535127 0.000000 0.000000 0.000000 1.000000 
0.862623 0.156831 -0.480923 -0.175199 -0.153991 0.987017 0.045657 -0.165355 0.481840 0.034673 0.875573 0.518372 0.000000 0.000000 0.000000 1.000000 
0.872044 0.152482 -0.465068 -0.164236 -0.150425 0.987738 0.041791 -0.161593 0.465738 0.033514 0.884289 0.501050 0.000000 0.000000 0.000000 1.000000 
0.880846 0.148117 -0.449636 -0.153946 -0.146742 0.988439 0.038136 -0.157703 0.450086 0.032388 0.892398 0.484212 0.000000 0.000000 0.000000 1.000000 
0.888869 0.143991 -0.434947 -0.144541 -0.143182 0.989083 0.034829 -0.153937 0.435215 0.031318 0.899783 0.468212 0.000000 0.000000 0.000000 1.000000 
0.896169 0.140050 -0.421032 -0.135954 -0.139712 0.989681 0.031822 -0.150262 0.421144 0.030305 0.906487 0.453075 0.000000 0.000000 0.000000 1.000000 
0.902864 0.136131 -0.407805 -0.128027 -0.136200 0.990256 0.029017 -0.146536 0.407781 0.029344 0.912609 0.438699 0.000000 0.000000 0.000000 1.000000 
0.909091 0.132024 -0.395125 -0.120580 -0.132462 0.990840 0.026308 -0.142566 0.394979 0.028423 0.918251 0.424926 0.000000 0.000000 0.000000 1.000000 
0.914977 0.127506 -0.382832 -0.113436 -0.128294 0.991455 0.023591 -0.138134 0.382569 0.027530 0.923517 0.411575 0.000000 0.000000 0.000000 1.000000 
0.920643 0.122341 -0.370741 -0.106424 -0.123475 0.992130 0.020775 -0.133003 0.370365 0.026651 0.928504 0.398446 0.000000 0.000000 0.000000 1.000000 
0.926200 0.116277 -0.358653 -0.099383 -0.117765 0.992882 0.017775 -0.126918 0.358167 0.025774 0.933302 0.385323 0.000000 0.000000 0.000000 1.000000 
0.931745 0.109051 -0.346350 -0.092164 -0.110906 0.993725 0.014522 -0.119595 0.345761 0.024881 0.937993 0.371976 0.000000 0.000000 0.000000 1.000000 
0.937357 0.100383 -0.333595 -0.084635 -0.102619 0.994660 0.010963 -0.110736 0.332914 0.023956 0.942653 0.358156 0.000000 0.000000 0.000000 1.000000 
0.943090 0.089986 -0.320133 -0.076691 -0.092605 0.995678 0.007065 -0.100011 0.319385 0.022983 0.947346 0.343601 0.000000 0.000000 0.000000 1.000000 
0.948965 0.077562 -0.305697 -0.068259 -0.080556 0.996746 0.002828 -0.087082 0.304921 0.021942 0.952125 0.328039 0.000000 0.000000 0.000000 1.000000 
0.954957 0.062841 -0.290014 -0.059321 -0.066176 0.997807 -0.001701 -0.071617 0.289271 0.020816 0.957022 0.311204 0.000000 0.000000 0.000000 1.000000 
0.960971 0.045687 -0.272848 -0.049960 -0.049297 0.998764 -0.006387 -0.053415 0.272219 0.019589 0.962037 0.292858 0.000000 0.000000 0.000000 1.000000 
0.966816 0.026429 -0.254104 -0.040437 -0.030199 0.999484 -0.010945 -0.032761 0.253684 0.018255 0.967115 0.272918 0.000000 0.000000 0.000000 1.000000 
0.972198 0.006634 -0.234065 -0.031330 -0.010389 0.999836 -0.014814 -0.011273 0.233929 0.016834 0.972109 0.251666 0.000000 0.000000 0.000000 1.000000 
0.976846 -0.009851 -0.213717 -0.023565 0.006333 0.999833 -0.017139 0.006914 0.213851 0.015389 0.976746 0.230064 0.000000 0.000000 0.000000 1.000000 
0.980725 -0.017619 -0.194598 -0.018069 0.014551 0.999746 -0.017184 0.015868 0.194852 0.014022 0.980733 0.209626 0.000000 0.000000 0.000000 1.000000 
0.984085 -0.016108 -0.176964 -0.014662 0.013595 0.999789 -0.015400 0.014821 0.177174 0.012749 0.984097 0.190608 0.000000 0.000000 0.000000 1.000000 
0.987065 -0.008437 -0.160098 -0.012683 0.006483 0.999898 -0.012730 0.007067 0.160190 0.011527 0.987019 0.172335 0.000000 0.000000 0.000000 1.000000 
0.989645 0.003068 -0.143504 -0.011768 -0.004517 0.999942 -0.009777 -0.004905 0.143467 0.010324 0.989602 0.154344 0.000000 0.000000 0.000000 1.000000 
0.991788 0.016467 -0.126828 -0.011639 -0.017489 0.999823 -0.006956 -0.018994 0.126691 0.009117 0.991900 0.136297 0.000000 0.000000 0.000000 1.000000 
0.993506 0.029885 -0.109788 -0.011977 -0.030569 0.999522 -0.004560 -0.033170 0.109600 0.007887 0.993945 0.117909 0.000000 0.000000 0.000000 1.000000 
0.994890 0.041308 -0.092128 -0.012348 -0.041742 0.999125 -0.002784 -0.045257 0.091932 0.006615 0.995744 0.098902 0.000000 0.000000 0.000000 1.000000 
0.996107 0.048542 -0.073590 -0.012215 -0.048799 0.998807 -0.001699 -0.052881 0.073421 0.005283 0.997287 0.078987 0.000000 0.000000 0.000000 1.000000 
0.997325 0.049252 -0.054011 -0.011006 -0.049388 0.998779 -0.001213 -0.053517 0.053887 0.003878 0.998540 0.057973 0.000000 0.000000 0.000000 1.000000 
0.998588 0.041257 -0.033464 -0.008318 -0.041313 0.999146 -0.001022 -0.044794 0.033393 0.002403 0.999439 0.035925 0.000000 0.000000 0.000000 1.000000 
0.999631 0.023599 -0.013463 -0.004281 -0.023610 0.999721 -0.000650 -0.025634 0.013444 0.000967 0.999909 0.014463 0.000000 0.000000 0.000000 1.000000 
1.000000 0.000000 0.000000 0.000000 -0.000000 1.000000 0.000000 0.000000 0.000000 -0.000000 1.000000 -0.000000 0.000000 0.000000 0.000000 1.000000 
