0.945324 -0.325421 0.021555 -0.516403 0.325336 0.945569 0.007418 0.097601 -0.022795 0.000000 0.999740 -0.006839 0.000000 0.000000 0.000000 1.000000 
0.944754 -0.327597 0.010995 -0.516574 0.327575 0.944818 0.003812 0.098272 -0.011637 -0.000000 0.999932 -0.003491 0.000000 0.000000 0.000000 1.000000 
0.950521 -0.310611 0.005554 -0.514844 0.310606 0.950537 0.001815 0.093182 -0.005842 0.000000 0.999983 -0.001753 0.000000 0.000000 0.000000 1.000000 
0.956535 -0.291600 0.003268 -0.513040 0.291598 0.956540 0.000996 0.087479 -0.003417 -0.000000 0.999994 -0.001025 0.000000 0.000000 0.000000 1.000000 
0.962241 -0.272195 0.001142 -0.511328 0.272195 0.962242 0.000323 0.081659 -0.001187 -0.000000 0.999999 -0.000356 0.000000 0.000000 0.000000 1.000000 
0.967592 -0.252513 -0.001510 -0.509722 0.252512 0.967594 -0.000394 0.075754 0.001561 0.000000 0.999999 0.000468 0.000000 0.000000 0.000000 1.000000 
0.972558 -0.232613 -0.004806 -0.508233 0.232610 0.972569 -0.001149 0.069783 0.004941 -0.000000 0.999988 0.001482 0.000000 0.000000 0.000000 1.000000 
0.977110 -0.212552 -0.008762 -0.506867 0.212544 0.977150 -0.001906 0.063763 0.008967 -0.000000 0.999960 0.002690 0.000000 0.000000 0.000000 1.000000 
0.981219 -0.192420 -0.013518 -0.505634 0.192402 0.981313 -0.002651 0.057721 0.013775 0.000000 0.999905 0.004132 0.000000 0.000000 0.000000 1.000000 
0.984827 -0.172434 -0.019560 -0.504552 0.172400 0.985021 -0.003424 0.051720 0.019857 0.000000 0.999803 0.005957 0.000000 0.000000 0.000000 1.000000 
0.987742 -0.153484 -0.028437 -0.503677 0.153420 0.988151 -0.004417 0.046026 0.028778 -0.000000 0.999586 0.008633 0.000000 0.000000 0.000000 1.000000 
0.989090 -0.140640 -0.043838 -0.503273 0.140502 0.990061 -0.006227 0.042151 0.044278 -0.000000 0.999019 0.013284 0.000000 0.000000 0.000000 1.000000 
0.987890 -0.141356 -0.063966 -0.503633 0.141061 0.989959 -0.009134 0.042318 0.064615 -0.000000 0.997910 0.019384 0.000000 0.000000 0.000000 1.000000 
0.985355 -0.148816 -0.083237 -0.504393 0.148288 0.988865 -0.012526 0.044486 0.084174 0.000000 0.996451 0.025252 0.000000 0.000000 0.000000 1.000000 
0.982356 -0.156746 -0.102014 -0.505293 0.155907 0.987639 -0.016190 0.046772 0.103291 -0.000000 0.994651 0.030987 0.000000 0.000000 0.000000 1.000000 
0.979178 -0.162955 -0.121062 -0.506247 0.161723 0.986634 -0.019995 0.048517 0.122702 -0.000000 0.992444 0.036811 0.000000 0.000000 0.000000 1.000000 
0.976110 -0.165686 -0.140562 -0.507167 0.163995 0.986178 -0.023616 0.049198 0.142532 -0.000000 0.989790 0.042760 0.000000 0.000000 0.000000 1.000000 
0.973754 -0.162241 -0.159628 -0.507874 0.160104 0.986751 -0.026246 0.048031 0.161771 0.000000 0.986828 0.048531 0.000000 0.000000 0.000000 1.000000 
0.972868 -0.150816 -0.175450 -0.508140 0.148422 0.988562 -0.026767 0.044526 0.177480 0.000000 0.984124 0.053244 0.000000 0.000000 0.000000 1.000000 
0.972972 -0.134879 -0.187440 -0.508108 0.132443 0.990862 -0.025515 0.039733 0.189168 0.000000 0.981945 0.056750 0.000000 0.000000 0.000000 1.000000 
0.972967 -0.118266 -0.198366 -0.508110 0.115882 0.992982 -0.023626 0.034765 0.199768 0.000000 0.979843 0.059931 0.000000 0.000000 0.000000 1.000000 
0.972414 -0.102209 -0.209679 -0.508276 0.099913 0.994763 -0.021544 0.029974 0.210783 -0.000000 0.977533 0.063235 0.000000 0.000000 0.000000 1.000000 
0.971316 -0.086805 -0.221381 -0.508605 0.084635 0.996225 -0.019290 0.025390 0.222220 -0.000000 0.974997 0.066666 0.000000 0.000000 0.000000 1.000000 
0.969796 -0.071826 -0.233101 -0.509061 0.069837 0.997417 -0.016786 0.020951 0.233705 0.000000 0.972308 0.070111 0.000000 0.000000 0.000000 1.000000 
0.967967 -0.057033 -0.244513 -0.509610 0.055296 0.998372 -0.013968 0.016589 0.244911 0.000000 0.969545 0.073473 0.000000 0.000000 0.000000 1.000000 
0.965915 -0.042259 -0.255386 -0.510225 0.040855 0.999107 -0.010802 0.012257 0.255614 0.000000 0.966779 0.076684 0.000000 0.000000 0.000000 1.000000 
0.963719 -0.027342 -0.265516 -0.510884 0.026360 0.999626 -0.007262 0.007908 0.265616 0.000000 0.964079 0.079685 0.000000 0.000000 0.000000 1.000000 
0.961478 -0.012085 -0.274616 -0.511557 0.011620 0.999927 -0.003319 0.003486 0.274636 -0.000000 0.961548 0.082391 0.000000 0.000000 0.000000 1.000000 
0.959306 0.003676 -0.282345 -0.512208 -0.003526 0.999993 0.001038 -0.001058 0.282347 -0.000000 0.959312 0.084704 0.000000 0.000000 0.000000 1.000000 
0.957243 0.019890 -0.288601 -0.512827 -0.019043 0.999802 0.005741 -0.005713 0.288658 0.000000 0.957432 0.086597 0.000000 0.000000 0.000000 1.000000 
0.955239 0.036341 -0.293596 -0.513428 -0.034737 0.999339 0.010677 -0.010421 0.293790 -0.000000 0.955870 0.088137 0.000000 0.000000 0.000000 1.000000 
0.953362 0.052965 -0.297146 -0.513991 -0.050566 0.998596 0.015761 -0.015170 0.297564 0.000000 0.954702 0.089269 0.000000 0.000000 0.000000 1.000000 
0.952142 0.069680 -0.297608 -0.514357 -0.066507 0.997569 0.020788 -0.019952 0.298333 0.000000 0.954462 0.089500 0.000000 0.000000 0.000000 1.000000 
0.952611 0.084782 -0.292138 -0.514217 -0.081056 0.996400 0.024858 -0.024317 0.293194 0.000000 0.956053 0.087958 0.000000 0.000000 0.000000 1.000000 
0.954933 0.095524 -0.281032 -0.513520 -0.091638 0.995427 0.026969 -0.027492 0.282323 0.000000 0.959319 0.084697 0.000000 0.000000 0.000000 1.000000 
0.958144 0.102152 -0.267444 -0.512557 -0.098391 0.994769 0.027463 -0.029517 0.268850 0.000000 0.963182 0.080655 0.000000 0.000000 0.000000 1.000000 
0.961624 0.106047 -0.253047 -0.511513 -0.102556 0.994361 0.026987 -0.030767 0.254482 0.000000 0.967078 0.076345 0.000000 0.000000 0.000000 1.000000 
0.965170 0.107865 -0.238351 -0.510449 -0.104720 0.994165 0.025861 -0.031416 0.239750 0.000000 0.970835 0.071925 0.000000 0.000000 0.000000 1.000000 
0.968699 0.107869 -0.223578 -0.509390 -0.105106 0.994165 0.024259 -0.031532 0.224890 0.000000 0.974384 0.067467 0.000000 0.000000 0.000000 1.000000 
0.972148 0.106344 -0.208854 -0.508356 -0.103972 0.994329 0.022337 -0.031192 0.210045 0.000000 0.977692 0.063013 0.000000 0.000000 0.000000 1.000000 
0.975456 0.103797 -0.194196 -0.507363 -0.101800 0.994598 0.020266 -0.030540 0.195250 0.000000 0.980753 0.058575 0.000000 0.000000 0.000000 1.000000 
0.978555 0.101091 -0.179475 -0.506434 -0.099432 0.994877 0.018237 -0.029830 0.180399 0.000000 0.983593 0.054120 0.000000 0.000000 0.000000 1.000000 
0.981230 0.100335 -0.164686 -0.505631 -0.098951 0.994954 0.016608 -0.029685 0.165521 0.000000 0.986206 0.049656 0.000000 0.000000 0.000000 1.000000 
0.982417 0.106874 -0.153086 -0.505275 -0.105599 0.994273 0.016455 -0.031680 0.153967 -0.000000 0.988076 0.046190 0.000000 0.000000 0.000000 1.000000 
0.981159 0.120878 -0.150716 -0.505652 -0.119477 0.992667 0.018353 -0.035843 0.151829 0.000000 0.988407 0.045549 0.000000 0.000000 0.000000 1.000000 
0.978722 0.135884 -0.153752 -0.506384 -0.134237 0.990725 0.021088 -0.040271 0.155191 -0.000000 0.987884 0.046557 0.000000 0.000000 0.000000 1.000000 
0.975942 0.150683 -0.157583 -0.507217 -0.148756 0.988582 0.024019 -0.044627 0.159403 0.000000 0.987214 0.047821 0.000000 0.000000 0.000000 1.000000 
0.973092 0.165687 -0.160122 -0.508072 -0.163488 0.986178 0.026902 -0.049047 0.162366 0.000000 0.986731 0.048710 0.000000 0.000000 0.000000 1.000000 
0.970398 0.180937 -0.159970 -0.508881 -0.178528 0.983495 0.029430 -0.053558 0.162655 -0.000000 0.986683 0.048796 0.000000 0.000000 0.000000 1.000000 
0.967908 0.196067 -0.157198 -0.509628 -0.193531 0.980590 0.031431 -0.058059 0.160310 0.000000 0.987067 0.048093 0.000000 0.000000 0.000000 1.000000 
0.965506 0.210856 -0.152767 -0.510348 -0.208265 0.977517 0.032953 -0.062479 0.156281 -0.000000 0.987713 0.046884 0.000000 0.000000 0.000000 1.000000 
0.963210 0.225098 -0.146822 -0.511037 -0.222528 0.974336 0.033920 -0.066758 0.150689 -0.000000 0.988581 0.045207 0.000000 0.000000 0.000000 1.000000 
0.961222 0.238286 -0.138823 -0.511633 -0.235840 0.971195 0.034061 -0.070752 0.142940 0.000000 0.989731 0.042882 0.000000 0.000000 0.000000 1.000000 
0.959695 0.249887 -0.128615 -0.512091 -0.247672 0.968275 0.033192 -0.074302 0.132829 0.000000 0.991139 0.039849 0.000000 0.000000 0.000000 1.000000 
0.958511 0.259998 -0.116868 -0.512447 -0.258087 0.965609 0.031468 -0.077426 0.121031 0.000000 0.992649 0.036309 0.000000 0.000000 0.000000 1.000000 
0.957363 0.269336 -0.104471 -0.512791 -0.267747 0.963046 0.029217 -0.080324 0.108479 0.000000 0.994099 0.032544 0.000000 0.000000 0.000000 1.000000 
0.955997 0.278575 -0.092007 -0.513201 -0.277294 0.960415 0.026687 -0.083188 0.095799 0.000000 0.995401 0.028740 0.000000 0.000000 0.000000 1.000000 
0.954308 0.287995 -0.079712 -0.513707 -0.286996 0.957632 0.023972 -0.086099 0.083238 0.000000 0.996530 0.024972 0.000000 0.000000 0.000000 1.000000 
0.952316 0.297540 -0.067560 -0.514305 -0.296794 0.954709 0.021055 -0.089038 0.070765 0.000000 0.997493 0.021229 0.000000 0.000000 0.000000 1.000000 
0.950106 0.306972 -0.055374 -0.514968 -0.306452 0.951719 0.017861 -0.091936 0.058183 0.000000 0.998306 0.017455 0.000000 0.000000 0.000000 1.000000 
0.947807 0.315945 -0.042894 -0.515658 -0.315622 0.948777 0.014284 -0.094687 0.045209 0.000000 0.998978 0.013563 0.000000 0.000000 0.000000 1.000000 
0.945642 0.323845 -0.029746 -0.516307 -0.323685 0.946110 0.010182 -0.097105 0.031440 0.000000 0.999506 0.009432 0.000000 0.000000 0.000000 1.000000 
0.944106 0.329279 -0.015481 -0.516768 -0.329235 0.944233 0.005398 -0.098770 0.016395 0.000000 0.999866 0.004918 0.000000 0.000000 0.000000 1.000000 
0.944023 0.329879 -0.000343 -0.516793 -0.329879 0.944023 0.000120 -0.098964 0.000364 -0.000000 1.000000 0.000109 0.000000 0.000000 0.000000 1.000000 
0.945675 0.324808 0.014096 -0.516297 -0.324772 0.945780 -0.004841 -0.097431 -0.014904 -0.000000 0.999889 -0.004471 0.000000 0.000000 0.000000 1.000000 
0.948353 0.316065 0.027015 -0.515494 -0.315937 0.948737 -0.009000 -0.094781 -0.028475 -0.000000 0.999595 -0.008542 0.000000 0.000000 0.000000 1.000000 
0.951401 0.305496 0.038839 -0.514580 -0.305242 0.952193 -0.012461 -0.091573 -0.040789 0.000000 0.999168 -0.012237 0.000000 0.000000 0.000000 1.000000 
0.954509 0.293942 0.050095 -0.513647 -0.293538 0.955823 -0.015406 -0.088062 -0.052411 0.000000 0.998626 -0.015723 0.000000 0.000000 0.000000 1.000000 
0.957486 0.281900 0.061268 -0.512754 -0.281324 0.959444 -0.018002 -0.084397 -0.063858 0.000000 0.997959 -0.019157 0.000000 0.000000 0.000000 1.000000 
0.960102 0.269954 0.072995 -0.511969 -0.269177 0.962873 -0.020465 -0.080753 -0.075810 0.000000 0.997122 -0.022743 0.000000 0.000000 0.000000 1.000000 
0.962102 0.258806 0.085900 -0.511369 -0.257781 0.965929 -0.023016 -0.077334 -0.088930 0.000000 0.996038 -0.026679 0.000000 0.000000 0.000000 1.000000 
0.963590 0.248154 0.099564 -0.510923 -0.246840 0.968721 -0.025505 -0.074052 -0.102779 0.000000 0.994704 -0.030834 0.000000 0.000000 0.000000 1.000000 
0.965617 0.235167 0.110817 -0.510315 -0.233633 0.971955 -0.026813 -0.070090 -0.114015 0.000000 0.993479 -0.034204 0.000000 0.000000 0.000000 1.000000 
0.968860 0.218718 0.116075 -0.509342 -0.217165 0.975788 -0.026018 -0.065150 -0.118955 0.000000 0.992900 -0.035686 0.000000 0.000000 0.000000 1.000000 
0.972510 0.201067 0.117460 -0.508247 -0.199617 0.979577 -0.024110 -0.059885 -0.119909 -0.000000 0.992785 -0.035973 0.000000 0.000000 0.000000 1.000000 
0.976039 0.183048 0.117649 -0.507188 -0.181733 0.983104 -0.021906 -0.054520 -0.119671 -0.000000 0.992814 -0.035901 0.000000 0.000000 0.000000 1.000000 
0.979347 0.164741 0.117216 -0.506196 -0.163573 0.986337 -0.019578 -0.049072 -0.118839 0.000000 0.992913 -0.035652 0.000000 0.000000 0.000000 1.000000 
0.982426 0.146189 0.116052 -0.505272 -0.145179 0.989257 -0.017150 -0.043554 -0.117312 0.000000 0.993095 -0.035194 0.000000 0.000000 0.000000 1.000000 
0.985116 0.127414 0.115382 -0.504465 -0.126549 0.991850 -0.014822 -0.037965 -0.116330 -0.000000 0.993211 -0.034899 0.000000 0.000000 0.000000 1.000000 
0.986295 0.111197 0.121888 -0.504111 -0.110357 0.993798 -0.013638 -0.033107 -0.122648 -0.000000 0.992450 -0.036794 0.000000 0.000000 0.000000 1.000000 
0.984600 0.106248 0.138829 -0.504620 -0.105208 0.994340 -0.014834 -0.031562 -0.139619 0.000000 0.990205 -0.041886 0.000000 0.000000 0.000000 1.000000 
0.981560 0.108309 0.157509 -0.505532 -0.106940 0.994117 -0.017161 -0.032082 -0.158441 0.000000 0.987368 -0.047532 0.000000 0.000000 0.000000 1.000000 
0.978051 0.111557 0.175986 -0.506585 -0.109794 0.993758 -0.019756 -0.032938 -0.177091 0.000000 0.984194 -0.053127 0.000000 0.000000 0.000000 1.000000 
0.974267 0.113933 0.194483 -0.507720 -0.111728 0.993488 -0.022303 -0.033519 -0.195757 0.000000 0.980652 -0.058727 0.000000 0.000000 0.000000 1.000000 
0.970342 0.114212 0.213053 -0.508897 -0.111555 0.993456 -0.024493 -0.033466 -0.214456 0.000000 0.976734 -0.064337 0.000000 0.000000 0.000000 1.000000 
0.966347 0.112148 0.231507 -0.510096 -0.109062 0.993691 -0.026128 -0.032719 -0.232977 0.000000 0.972482 -0.069893 0.000000 0.000000 0.000000 1.000000 
0.962204 0.108648 0.249719 -0.511339 -0.105164 0.994080 -0.027293 -0.031549 -0.251206 0.000000 0.967934 -0.075362 0.000000 0.000000 0.000000 1.000000 
0.957840 0.104388 0.267668 -0.512648 -0.100537 0.994537 -0.028095 -0.030161 -0.269138 0.000000 0.963101 -0.080742 0.000000 0.000000 0.000000 1.000000 
0.953618 0.097668 0.284733 -0.513914 -0.093585 0.995219 -0.027943 -0.028076 -0.286101 -0.000000 0.958199 -0.085830 0.000000 0.000000 0.000000 1.000000 
0.951504 0.083343 0.296131 -0.514549 -0.079578 0.996521 -0.024767 -0.023873 -0.297165 -0.000000 0.954826 -0.089150 0.000000 0.000000 0.000000 1.000000 
0.952765 0.063595 0.296976 -0.514171 -0.060714 0.997976 -0.018924 -0.018214 -0.297578 0.000000 0.954697 -0.089273 0.000000 0.000000 0.000000 1.000000 
0.955150 0.043784 0.292868 -0.513455 -0.041860 0.999041 -0.012835 -0.012558 -0.293149 0.000000 0.956067 -0.087945 0.000000 0.000000 0.000000 1.000000 
0.957461 0.024141 0.287550 -0.512762 -0.023121 0.999709 -0.006944 -0.006936 -0.287634 -0.000000 0.957740 -0.086290 0.000000 0.000000 0.000000 1.000000 
0.959480 0.004505 0.281740 -0.512156 -0.004322 0.999990 -0.001269 -0.001297 -0.281743 0.000000 0.959490 -0.084523 0.000000 0.000000 0.000000 1.000000 
0.961246 -0.015024 0.275283 -0.511626 0.014444 0.999887 0.004136 0.004333 -0.275314 0.000000 0.961354 -0.082594 0.000000 0.000000 0.000000 1.000000 
0.962722 -0.034455 0.268291 -0.511184 0.033191 0.999406 0.009250 0.009957 -0.268450 0.000000 0.963294 -0.080535 0.000000 0.000000 0.000000 1.000000 
0.963900 -0.053751 0.260781 -0.510830 0.051886 0.998554 0.014038 0.015566 -0.261158 0.000000 0.965296 -0.078348 0.000000 0.000000 0.000000 1.000000 
0.965083 -0.072307 0.251767 -0.510475 0.069965 0.997382 0.018252 0.020990 -0.252428 0.000000 0.967616 -0.075728 0.000000 0.000000 0.000000 1.000000 
0.966859 -0.088483 0.239490 -0.509942 0.085887 0.996078 0.021274 0.025766 -0.240433 -0.000000 0.970666 -0.072130 0.000000 0.000000 0.000000 1.000000 
0.969406 -0.100900 0.223764 -0.509178 0.098315 0.994897 0.022694 0.029494 -0.224912 0.000000 0.974379 -0.067474 0.000000 0.000000 0.000000 1.000000 
0.972204 -0.110731 0.206298 -0.508339 0.108319 0.993850 0.022985 0.032496 -0.207575 -0.000000 0.978219 -0.062272 0.000000 0.000000 0.000000 1.000000 
0.974577 -0.120725 0.188744 -0.507627 0.118523 0.992686 0.022954 0.035557 -0.190135 0.000000 0.981758 -0.057040 0.000000 0.000000 0.000000 1.000000 
0.975676 -0.134088 0.173425 -0.507297 0.132019 0.990969 0.023466 0.039606 -0.175006 0.000000 0.984567 -0.052502 0.000000 0.000000 0.000000 1.000000 
0.974916 -0.151724 0.162848 -0.507525 0.149650 0.988423 0.024997 0.044895 -0.164756 0.000000 0.986334 -0.049427 0.000000 0.000000 0.000000 1.000000 
0.973963 -0.168500 0.151669 -0.507811 0.166493 0.985702 0.025927 0.049948 -0.153869 -0.000000 0.988091 -0.046161 0.000000 0.000000 0.000000 1.000000 
0.975205 -0.176289 0.133781 -0.507438 0.174653 0.984339 0.023959 0.052396 -0.135909 0.000000 0.990721 -0.040773 0.000000 0.000000 0.000000 1.000000 
0.977678 -0.176637 0.113772 -0.506696 0.175453 0.984276 0.020417 0.052636 -0.115590 -0.000000 0.993297 -0.034677 0.000000 0.000000 0.000000 1.000000 
0.980304 -0.173813 0.093773 -0.505909 0.173023 0.984779 0.016551 0.051907 -0.095222 0.000000 0.995456 -0.028567 0.000000 0.000000 0.000000 1.000000 
0.982823 -0.169083 0.073965 -0.505153 0.168606 0.985602 0.012689 0.050582 -0.075046 0.000000 0.997180 -0.022514 0.000000 0.000000 0.000000 1.000000 
0.985141 -0.162916 0.054367 -0.504458 0.162668 0.986640 0.008977 0.048800 -0.055104 -0.000000 0.998481 -0.016531 0.000000 0.000000 0.000000 1.000000 
0.987111 -0.156218 0.034757 -0.503867 0.156122 0.987723 0.005497 0.046837 -0.035189 0.000000 0.999381 -0.010557 0.000000 0.000000 0.000000 1.000000 
0.987833 -0.154748 0.015454 -0.503650 0.154729 0.987954 0.002421 0.046419 -0.015642 0.000000 0.999878 -0.004693 0.000000 0.000000 0.000000 1.000000 
0.985392 -0.170158 0.007018 -0.504382 0.170154 0.985417 0.001212 0.051046 -0.007122 0.000000 0.999975 -0.002137 0.000000 0.000000 0.000000 1.000000 
0.981646 -0.190530 0.008345 -0.505506 0.190523 0.981681 0.001620 0.057157 -0.008501 0.000000 0.999964 -0.002550 0.000000 0.000000 0.000000 1.000000 
0.977499 -0.210623 0.011596 -0.506750 0.210608 0.977567 0.002498 0.063182 -0.011862 0.000000 0.999930 -0.003559 0.000000 0.000000 0.000000 1.000000 
0.972971 -0.230421 0.015261 -0.508109 0.230393 0.973091 0.003614 0.069118 -0.015683 -0.000000 0.999877 -0.004705 0.000000 0.000000 0.000000 1.000000 
0.968067 -0.249983 0.018857 -0.509580 0.249935 0.968250 0.004869 0.074981 -0.019476 -0.000000 0.999810 -0.005843 0.000000 0.000000 0.000000 1.000000 
0.962792 -0.269345 0.022027 -0.511162 0.269275 0.963044 0.006161 0.080782 -0.022872 0.000000 0.999738 -0.006862 0.000000 0.000000 0.000000 1.000000 
0.957159 -0.288540 0.024317 -0.512852 0.288447 0.957468 0.007328 0.086534 -0.025397 0.000000 0.999677 -0.007619 0.000000 0.000000 0.000000 1.000000 
0.951206 -0.307547 0.024932 -0.514638 0.307442 0.951533 0.008058 0.092232 -0.026202 0.000000 0.999657 -0.007861 0.000000 0.000000 0.000000 1.000000 
0.945324 -0.325421 0.021555 -0.516403 0.325336 0.945569 0.007418 0.097601 -0.022795 0.000000 0.999740 -0.006839 0.000000 0.000000 0.000000 1.000000 